NAME : TSP_INST
TYPE : TSP
DIMENSION : 100
EDGE_WEIGHT_TYPE : EXPLICIT
EDGE_WEIGHT_FORMAT : FULL_MATRIX
EDGE_WEIGHT_SECTION
0 64395 138191 413233 270851 136887 82481 494533 740355 476971 247454 643405 520229 323022 634149 251317 330625 379394 360035 543977 451364 424503 84246 219425 551031 663413 540516 427901 552648 406326 440200 291936 555947 489318 334953 257985 76460 335093 485657 289435 219829 20923 405803 439696 398390 346573 180422 435155 510055 354669 395762 360130 283091 557662 412450 440258 235794 506431 647633 204904 504828 729763 368904 576650 228547 585635 429329 614972 274774 332156 172387 683752 307931 81655 334528 485656 472691 470293 453892 302878 266936 536677 474733 202462 545343 399641 660232 349957 430939 629344 347098 257314 300093 249416 630245 512093 177186 422851 268077 436869
64395 0 201696 370255 322542 175192 46723 505549 780455 474960 207374 599661 476760 264695 667216 246927 278287 440536 369297 484727 402839 360383 25692 237540 602055 639724 476405 400739 590638 470721 494866 355974 592535 425046 275242 320121 46766 376616 422868 333907 271249 83660 382425 377687 336269 409465 222330 375455 558901 364267 356723 404216 221990 570994 454809 407120 225619 451699 671423 195820 559975 765992 377477 520008 201479 537648 379051 593429 219216 395553 148304 714697 290057 17486 285512 473445 450585 524904 477656 290439 285400 583063 426178 266229 480996 351615 647601 411830 429534 577817 286623 201479 240016 311511 581688 558910 220233 431325 237008 496744
138191 201696 0 534278 164189 167941 216583 525734 693238 534400 370297 762433 640209 459433 608534 286266 462482 270997 403869 680441 550654 561991 217769 265630 476611 752527 678002 528154 517097 272159 357413 166367 524045 623903 472122 121136 209601 304863 623844 202249 176491 118085 501470 577749 536486 208517 128584 557272 398703 398335 479299 267040 410454 581066 372417 548372 284280 616948 644288 297118 379513 693243 413309 710876 306364 710488 532613 701553 392655 211315 256355 661972 359613 219166 463339 560603 563985 346654 459528 388672 251195 477558 601233 88063 680429 499607 730658 238737 489674 758064 472110 376342 425158 112730 755468 405384 123193 463401 380534 302750
413233 370255 534278 0 683641 392093 332419 400964 795249 307618 165824 230194 107003 167020 652660 590210 115219 670685 321345 230003 573898 285569 374666 333957 720826 315153 345004 120560 622394 758632 659834 637627 614989 373751 178438 652739 337502 491321 262847 701718 479707 433141 140273 223958 215414 732009 590876 456729 923182 321326 589806 772408 370469 459288 547819 83646 563213 561810 598696 251785 913256 756519 320708 222930 513002 177739 545179 284102 417364 660004 480686 678625 603315 357313 94274 247256 175241 879697 455737 204156 649929 671786 78322 557063 399467 540370 374206 654299 287461 232536 400664 408701 387393 644827 222701 925286 588269 343774 156782 835036
270851 322542 164189 683641 0 332118 352972 684767 805488 698013 517831 913650 790562 586646 739805 264722 599931 339620 566654 805119 569594 663704 328311 429717 570626 915619 777208 688089 644390 265456 451255 225991 653660 710001 596084 108429 347233 446855 735069 53464 325168 250615 662565 693344 652086 161847 109978 614397 239740 561147 482009 104356 487494 737149 503801 705474 279076 649789 788052 457302 239018 814352 576088 842277 328980 856467 558909 864926 454258 267863 299658 794489 339364 338747 605052 724714 726291 203478 611363 551140 181162 587284 745473 208338 767011 523482 894797 308764 653522 899342 539985 441549 496489 107092 901040 243673 109533 625132 534661 195929
136887 175192 167941 392093 332118 0 149536 368988 606170 368018 240384 613185 493953 358985 497385 385171 344476 296485 240149 571470 578027 491279 200873 98561 429756 585901 603731 367422 417200 367434 328308 245939 419941 569491 375835 271833 143146 201540 536204 367899 105954 138501 338860 486535 447950 343293 276317 542895 564781 234598 529246 434450 388905 429142 279687 392414 371526 624739 512124 141411 538117 593764 249514 591376 364941 569713 554094 534578 392901 271915 308851 546866 444548 185804 337751 392700 398901 507188 319083 224275 385740 408169 465567 165999 622143 526798 562934 273722 322804 623327 453629 375155 408583 264899 614565 572509 271528 301668 235425 450493
82481 46723 216583 332419 352972 149536 0 461333 748087 428581 167239 562563 439382 242889 630955 293644 248221 432902 325115 463865 434067 355047 66630 197728 579254 594586 470347 356142 557515 476849 476723 358255 558538 427033 255961 337599 7462 347437 410622 369299 252559 103240 336930 363233 322355 424655 258599 393362 591740 320195 394673 439990 239385 527223 425473 364444 272157 476361 630869 149397 587286 731239 333087 495000 245599 503564 408940 547837 245851 394455 193763 677215 335479 45478 252137 426776 404955 552772 437730 243718 330051 556085 392502 268308 481506 383690 601002 406099 383266 546870 304094 228236 259169 329121 548085 593171 255899 386713 193024 518007
494533 505549 525734 400964 684767 368988 461333 0 401362 101835 388680 509048 440060 508940 257199 745192 458568 473589 136262 629838 872560 659068 527882 275402 396977 344466 739840 285444 253582 606666 396267 515280 241550 750895 527899 599126 459393 263540 657424 727503 362376 502129 260876 612594 591389 638959 644185 791438 898186 141287 849767 789122 656863 67275 259653 330010 727528 891935 198793 317000 850895 358132 128272 613136 706787 517645 844708 297781 684091 507555 653728 278124 795285 506785 434111 177827 251076 826362 105015 247646 754442 334326 468418 482097 787103 826282 260479 477500 113779 583214 711834 668346 678128 594899 550587 910814 639231 75419 342241 749052
740355 780455 693238 795249 805488 606170 748087 401362 0 502859 743789 906450 841339 876725 144162 973500 833415 473732 482191 1025246 1182032 1028933 806102 556679 243844 713288 1122018 684569 190846 597228 356259 580612 191628 1119043 896320 697553 743000 405288 1041039 858416 526878 736925 657556 993277 966144 683350 820278 1130318 944546 483891 1135310 897387 980922 359293 328128 729495 965664 1221399 230539 640870 869021 57677 480300 1012519 968442 918908 1157024 676142 993648 543262 912354 138688 1041216 789339 811785 578053 652402 859108 342661 612251 943559 218347 866512 611757 1161910 1131337 603531 500949 510483 984439 1043274 976132 1001871 698402 951068 965134 814905 451475 703643 766856
476971 474960 534400 307618 698013 368018 428581 101835 502859 0 324213 407807 339167 431571 358727 721104 378237 532247 133409 533827 814667 577583 494433 269458 487589 259955 651000 188661 352379 657659 470728 554826 341151 669123 449669 623594 428245 318146 568468 735753 390057 488386 168058 525787 508265 675373 642364 722663 923473 138683 801644 801429 597606 152334 335036 232195 700555 825646 292810 279184 884715 458508 124239 514208 671797 416050 786175 209505 630436 555140 621962 377005 763266 472749 352615 76227 149659 857404 191581 190090 743384 427104 371104 506547 701682 771025 200863 530611 46043 481581 647874 615929 618429 618205 448752 933678 637812 88340 276758 786691
247454 207374 370297 165824 517831 240384 167239 388680 743789 324213 0 395959 272796 135197 609729 440633 105912 532955 266869 332645 490516 285892 215194 209834 623431 440022 386690 201081 557001 606748 543009 485043 553381 375310 154607 489995 172025 382894 310726 536304 338907 267318 189800 260585 227289 571801 425822 402759 757358 263992 482158 607021 273482 455393 452214 201139 415298 503770 581737 114959 748349 714920 271186 351015 372629 340312 461984 397024 308433 512297 332060 646882 465477 196051 97384 297914 256883 714550 404470 141063 491342 584447 231063 400337 419789 447516 464424 512466 285191 388463 324476 294982 294238 481904 385249 759543 423072 315598 47475 672400
643405 599661 762433 230194 913650 613185 562563 509048 906450 407807 395959 0 123193 366584 763215 810527 329319 874966 484291 259499 742286 420548 602718 541778 885221 236031 416458 260367 759483 974656 845351 855473 748673 484895 369194 879462 567688 677329 355508 931852 691180 663256 293136 346799 365463 956064 820891 608729 1153269 486496 778219 1002527 564906 547486 719273 224478 782735 707499 684055 471861 1141888 858437 479859 204144 728375 81668 715237 247442 615897 873324 701882 774330 815023 586180 316190 331593 264744 1108652 594570 400957 875962 828296 180378 779184 483801 718978 347300 862542 413685 111915 577402 610919 577696 871738 67629 1155476 818340 479582 382055 1061213
520229 476760 640209 107003 790562 493953 439382 440060 841339 339167 272796 123193 0 253195 697198 691694 210412 764014 389028 215041 647155 335311 480360 427906 793491 257051 361709 161910 680245 858284 743227 738100 671008 412976 259026 757944 444496 574070 286896 808678 576398 540110 193423 263385 271217 835844 697763 519957 1030142 390293 673914 879359 456500 489324 623117 118564 664225 622882 629816 352606 1019496 797671 386188 180634 611618 82324 619117 242245 506103 758101 582518 715935 700102 463488 194955 266203 189698 986097 512499 289796 754601 740086 71963 659740 425051 618893 343691 749690 332919 146568 476900 499488 471201 750128 124213 1032289 695189 396557 260513 940010
323022 264695 459433 167020 586646 358985 242889 508940 876725 431571 135197 366584 253195 0 740673 446287 55818 655432 396311 221041 407580 152348 258827 343353 757911 482082 251855 266875 691161 715781 674323 595148 687095 243421 19598 580337 249965 516993 178278 594013 462788 343901 271692 128139 92349 667518 482961 296256 820536 394011 423622 663078 204601 573911 587217 243255 418117 401224 705980 248557 824611 846064 399551 255698 362199 292880 378770 449378 253222 627279 339307 775569 448475 248072 81948 387843 326985 789469 535533 266524 518355 719602 186432 506543 285353 373354 534740 632415 398805 321730 234195 246294 220781 571829 333590 818872 481555 439265 173119 759881
634149 667216 608534 652660 739805 497385 630955 257199 144162 358727 609729 763215 697198 740673 0 877429 695424 432919 344413 882626 1063919 893010 692493 434538 240198 575778 983029 540841 96878 569076 317407 523890 86219 983879 760211 635478 626580 305286 901513 790845 433686 633736 514257 854408 828722 639520 737111 1003379 908109 346663 1023940 838373 857107 217386 237053 585723 866483 1097644 105605 512135 840930 105409 341602 868871 862287 774766 1037908 536367 873993 494689 806225 54917 940761 674212 673025 434050 508245 825469 205300 474560 859124 183501 723124 535130 1025022 1014163 469736 453607 366844 840307 917900 856799 878323 634648 807113 926319 731723 309191 567741 735871
251317 246927 286266 590210 264722 385171 293644 745192 973500 721104 440633 810527 691694 446287 877429 0 481564 552670 609888 639111 306697 468580 230294 470594 762666 880237 570807 640710 791034 517069 643678 440023 796065 490554 447608 341775 293293 573035 549428 233294 447027 246705 625301 518439 481003 420172 176186 371131 434358 604614 217340 280359 278535 808806 647076 641033 28551 390228 897285 442382 473745 968720 618550 688063 90861 738986 298640 835801 231309 486707 109562 928705 76727 251711 497253 720053 693572 439295 704124 537325 97543 760779 630418 373841 545177 263180 893848 519906 675428 765997 312764 225539 278717 335310 779851 423816 180475 672620 477513 457226
330625 278287 462482 115219 599931 344476 248221 458568 833415 378237 105912 329319 210412 55818 695424 481564 0 638522 351379 227149 462371 200519 277465 314373 725654 428836 289038 211059 650222 708726 648156 587158 645324 292353 72097 583491 254594 486190 209650 612007 444521 351445 216451 160512 133514 668168 500396 352041 837167 349542 474892 682093 255580 522688 553234 188171 453968 457035 656568 220049 835439 800803 353836 249433 401290 261321 433507 394814 302147 616088 372653 728480 490354 263118 26239 332550 271169 800825 491037 221181 547303 684203 150340 500674 329952 426935 479126 617550 347071 299560 289046 293563 272948 575156 304554 837113 498435 390670 132774 765101
379394 440536 270997 670685 339620 296485 432902 473589 473732 532247 532955 874966 764014 655432 432919 552670 638522 0 408516 865576 819948 785441 463119 336893 232924 789289 899098 615432 336608 139045 118502 115781 349259 859914 672317 231647 425570 214174 832640 393076 194051 365202 583004 783015 744291 210123 380281 814537 476186 404531 750280 425429 662177 503076 223155 650796 553563 882483 505302 422939 408151 490471 415949 881522 577226 844311 800745 737298 652972 71766 526161 487197 627914 456140 629332 589252 626562 392752 373394 474723 499045 259809 747762 184144 914104 768541 728105 32787 499312 902862 726424 635774 679462 234390 887963 495278 375338 444186 519159 302991
360035 369297 403869 321345 566654 240149 325115 136262 482191 133409 266869 484291 389028 396311 344413 609888 351379 408516 0 549057 740931 548628 391639 142886 404463 381713 639827 227717 302293 528705 362485 422762 295968 639627 415834 490310 323134 197939 558945 605941 256830 368756 195643 511085 484463 542443 516408 666633 790312 5554 714931 670506 526911 202257 235227 270501 591760 764824 316864 182504 751388 449820 9440 543865 570529 471211 713461 329457 551432 425501 517504 380075 659106 370578 329595 180920 223224 723997 139658 130241 622806 351976 397354 373174 680665 693705 334070 403684 93004 535423 584224 535297 548266 485002 510795 800782 511649 62817 223604 653775
543977 484727 680441 230003 805119 571470 463865 629838 1025246 533827 332645 259499 215041 221041 882626 639111 227149 865576 549057 0 504305 184418 476851 537769 942125 466723 156968 345232 851113 934064 871338 812789 844127 229890 209487 801375 470897 706179 104952 809251 671538 564833 369080 121111 158413 888387 699352 365759 1035937 548590 556141 877026 364787 686153 768675 301852 610590 457704 826408 445025 1043777 986332 549090 60018 549364 181302 479481 456702 416206 842767 539481 907876 623801 467788 237278 467314 390723 1008438 685180 425220 721343 896202 163390 725212 224329 490026 558635 844695 516813 160729 355762 417130 370872 792869 197064 1032841 698345 573773 351890 980773
451364 402839 550654 573898 569594 578027 434067 872560 1182032 814667 490516 742286 647155 407580 1063919 306697 462371 819948 740931 504305 0 323525 377167 629393 1002335 888917 375894 670817 991558 809663 890943 716419 992582 285431 395490 634627 439045 779341 399362 539978 670923 460696 670249 396395 377763 719143 470925 139363 730409 736813 95491 583491 217062 939835 857554 650541 290524 89847 1056245 559045 777800 1165033 747353 563692 247302 660994 28913 856954 190291 761901 294300 1108768 238919 392925 487566 784512 730991 744030 866300 627783 401399 985702 575371 635888 322761 51759 940548 788310 774705 661398 173387 207231 196303 627155 690761 716475 474053 797447 537933 763641
424503 360383 561991 285569 663704 491279 355047 659068 1028933 577583 285892 420548 335311 152348 893010 468580 200519 785441 548628 184418 323525 0 345139 489695 904255 588729 116022 401458 842838 830151 815276 712927 839024 91834 132799 678905 362507 663168 82925 659561 597126 444040 412510 73810 70408 768920 554334 188183 883855 546352 371731 723910 190047 723162 735423 369029 440482 288436 856904 396104 901850 998405 551782 242235 377734 338925 297530 564880 239051 749484 377465 927616 445216 342958 225398 527221 459451 866101 687881 418713 556950 868411 263992 622835 134208 306117 658865 759886 547488 338185 171875 243089 192017 670288 367333 878102 554316 590602 325435 850511
84246 25692 217769 374666 328311 200873 66630 527882 806102 494433 215194 602718 480360 258827 692493 230294 277465 463119 391639 476851 377167 345139 0 261851 627334 651894 461005 412393 616233 488792 519574 375818 618065 406439 267792 333778 68631 402308 410606 335623 296293 101352 395647 366782 325348 423793 224280 351838 561878 386690 331495 405228 199070 593662 480501 416206 207480 426632 695687 215419 566939 791467 399657 514502 178974 538375 353447 606512 194138 416373 127532 739773 269067 21706 286955 490042 463932 531586 502084 307979 276282 608679 426959 286596 462806 325927 663610 433967 449305 576111 263358 176432 216499 325160 581937 560736 222768 453322 248555 507586
219425 237540 265630 333957 429717 98561 197728 275402 556679 269458 209834 541778 427906 343353 434538 470594 314373 336893 142886 537769 629393 489695 261851 0 414832 492944 595133 286235 365970 433527 333922 316310 365422 575466 362270 362790 194025 173732 520404 466380 149477 226748 255295 470201 435678 426335 374006 573961 659762 137374 592367 532566 424335 338242 246231 317442 453963 664937 433888 94954 628444 536283 152122 548299 438164 507645 603385 441056 439473 331614 383435 479839 523772 242237 300742 296576 309903 598787 240243 141443 480067 379539 411402 249541 623767 579768 465092 321784 224300 565977 486615 422262 445356 356517 551532 668438 369319 205260 186133 536313
551031 602055 476611 720826 570626 429756 579254 396977 243844 487589 623431 885221 793491 757911 240198 762666 725654 232924 404463 942125 1002335 904255 627334 414832 0 741380 1009765 632028 162256 353403 120598 344664 177754 988810 776951 462201 572902 241131 934001 624030 331474 542839 600096 883948 850260 440866 598524 972536 700704 403266 943770 658345 818639 394475 173466 674956 758928 1053628 336969 509376 625571 268986 407515 943520 771652 875663 979859 693901 821230 304049 716898 287947 834776 614312 709120 560464 620662 615276 296158 517840 720787 64809 798458 390086 1038147 950637 652692 262239 472661 939854 883310 803481 838335 464032 914930 721348 593283 406873 593491 523064
663413 639724 752527 315153 915619 585901 594586 344466 713288 259955 440022 236031 257051 482082 575778 880237 428836 789289 381713 466723 888917 588729 651894 492944 741380 0 617975 239584 594709 910107 730649 801237 581461 669360 493440 855631 597153 576053 543945 945924 632612 679699 257920 518605 521514 917274 842075 768734 1150641 386088 903337 1015146 684226 360584 594680 243872 855218 873196 483399 460734 1121378 660558 373820 421561 811884 292322 860241 52417 729438 806724 772030 575754 904394 631343 405184 201117 190764 1091652 446559 364673 924633 678760 325736 742045 681964 855404 116889 785366 289982 344300 715777 719443 701783 849224 300543 1157904 838292 347895 403340 1028067
540516 476405 678002 345004 777208 603731 470347 739840 1122018 651000 386690 416458 361709 251855 983029 570807 289038 899098 639827 156968 375894 116022 461005 595133 1009765 617975 0 465556 939252 946028 924762 828490 934343 90754 232863 794711 477809 768818 82548 770965 709218 560061 482959 128743 159508 884796 667481 238002 993635 638177 443707 833876 295165 801134 838904 426669 543417 315396 938629 500400 1014607 1088262 641874 214138 480375 337890 354896 603235 339558 864583 486308 1014163 538634 458980 310237 592204 518748 978841 779411 509873 662591 971023 298350 738434 67669 373176 703075 874094 626302 314764 260449 346814 292284 786096 353310 986864 667686 675739 421022 965425
427901 400739 528154 120560 688089 367422 356142 285444 684569 188661 201081 260367 161910 266875 540841 640710 211059 615432 227717 345232 670817 401458 412393 286235 632028 239584 465556 0 519233 719517 585814 602453 510396 491377 282448 638957 359087 417303 383340 714545 435305 445258 32811 343365 331076 709437 607965 563070 926361 229259 674754 784653 458221 340950 462594 44980 615832 668092 481185 231107 904922 643260 224531 328039 573658 243771 641903 195977 499807 617063 532717 563517 666446 391954 184972 126897 60251 873332 351356 145088 686024 578211 183012 531585 519339 632666 269952 604110 174095 308475 498189 488265 477339 631818 283092 931703 604471 235831 163900 817722
552648 590638 517097 622394 644390 417200 557515 253582 190846 352379 557001 759483 680245 691161 96878 791034 650222 336608 302293 851113 991558 842838 616233 365970 162256 594709 939252 519233 0 473547 222457 427191 15512 932136 710745 539410 552523 218404 859327 695810 344548 550436 489597 810692 781749 542671 645571 939818 811347 303109 946370 742266 790118 238215 144790 563964 781544 1030565 177910 451495 744752 177730 302022 843710 781167 760761 966407 550031 802926 397827 725007 151718 856575 599130 629790 428274 496526 728895 167882 430202 768237 98549 696888 441200 976482 940994 498950 356818 348098 826202 852584 785435 811050 538774 796696 829481 640174 283689 518703 639596
406326 470721 272159 758632 265456 367434 476849 606666 597228 657659 606748 974656 858284 715781 569076 517069 708726 139045 528705 934064 809663 830151 488792 433527 353403 910107 946028 719517 473547 0 251745 121706 486679 895218 730590 175783 469430 343561 887370 315168 284212 387648 688116 839524 798928 105208 341739 827915 347467 524179 729523 327658 682537 639723 361556 750700 525069 881896 644081 506862 273198 619738 536914 957421 562376 935773 794453 857739 662953 103513 518849 622797 593737 487941 704023 708999 738246 261882 509044 574967 444123 391043 832884 209262 951478 760107 856536 129217 621380 990500 743764 647085 696939 182854 980404 368552 337935 570861 602429 169697
440200 494866 357413 659834 451255 328308 476723 396267 356259 470728 543009 845351 743227 674323 317407 643678 648156 118502 362485 871338 890943 815276 519574 333922 120598 730649 924762 585814 222457 251745 0 225367 236088 896340 692674 342873 469945 169194 852407 504552 224343 430255 553035 802165 766106 328588 478158 869117 594228 359756 829002 541266 714964 413839 136876 625719 640835 945987 396431 428175 524257 371969 368009 879315 656142 825320 869417 680111 713612 187007 602118 371052 716530 508332 634586 536494 585690 510258 291520 456214 600260 141319 738152 270257 947853 839184 656472 144690 445352 887340 779859 695944 733948 344361 867058 613580 472935 383306 519448 419565
291936 355974 166367 637627 225991 245939 358255 515280 580612 554826 485043 855473 738100 595148 523890 440023 587158 115781 422762 812789 716419 712927 375818 316310 344664 801237 828490 602453 427191 121706 225367 0 437912 780939 610288 117564 350799 254453 767986 279372 169072 274630 571603 719726 679393 124068 265863 722103 390533 417865 642665 317305 573031 556552 294120 632141 442647 783311 583536 386003 336081 592084 431494 835743 470771 815002 698786 748833 558012 46684 422223 578804 515958 372824 582320 600531 624424 313357 425387 457432 383471 362973 711498 90113 836668 665568 755483 83660 515717 869217 635837 541416 588734 119463 859730 406507 261053 470617 481192 233810
555947 592535 524045 614989 653660 419941 558538 241550 191628 341151 553381 748673 671008 687095 86219 796065 645324 349259 295968 844127 992582 839024 618065 365422 177754 581461 934343 510396 15512 486679 236088 437912 0 928674 706691 549260 553703 223032 854090 704799 350359 554303 481133 805685 777299 554362 652609 938769 823259 297045 948738 752156 789757 223986 151750 555227 786073 1030343 162852 449315 757382 173836 295255 835766 784488 751216 967209 537195 803543 409490 728331 141082 860880 600628 624518 417216 486338 741126 159477 424760 775010 114043 688970 449432 972447 942201 484810 368770 338391 816723 851878 786115 810768 548434 786723 841178 647215 274596 514313 652162
489318 425046 623903 373751 710001 569491 427033 750895 1119043 669123 375310 484895 412976 243421 983879 490554 292353 859914 639627 229890 285431 91834 406439 575466 988810 669360 90754 491377 932136 895218 896340 780939 928674 0 223996 736736 434387 748149 129483 699572 675367 507605 503491 151677 160985 827185 600048 147248 919036 637242 353469 760028 222580 814984 821674 457397 463933 228978 948675 483104 944884 1089241 642955 289764 401284 403881 264157 648653 261326 819676 413384 1018985 453441 408118 317185 617647 548613 909179 778639 509944 584617 954928 343722 691024 57109 282703 744776 833030 639298 390610 177795 271057 215486 728185 425651 910983 600772 682275 416138 901789
334953 275242 472122 178438 596084 375835 255961 527899 896320 449669 154607 369194 259026 19598 760211 447608 72097 672317 415834 209487 395490 132799 267792 362270 776951 493440 232863 282448 710745 730590 692674 610288 706691 223996 0 592761 263161 535965 160550 601881 480100 355748 288544 110704 73494 680488 491260 280843 828578 413553 415350 670483 197483 592699 606452 256960 419257 385990 725130 267576 834523 865606 419031 247615 361944 293529 366800 462097 247458 643071 341942 794993 446434 258308 98300 404630 342347 799250 555090 285983 522264 738921 190191 521332 265759 362913 549070 648936 417428 318560 222373 241801 212401 584220 332952 826365 490043 458489 192704 771512
257985 320121 121136 652739 108429 271833 337599 599126 697553 623594 489995 879462 757944 580337 635478 341775 583491 231647 490310 801375 634627 678905 333778 362790 462201 855631 794711 638957 539410 175783 342873 117564 549260 736736 592761 0 330665 349804 742989 161834 236911 237365 610675 697523 656161 90449 166024 659064 300191 484969 553763 202896 518549 647238 401166 662186 349295 708408 688456 409762 266332 707502 499597 832005 387528 829655 620089 803822 494389 160007 346090 690326 418498 337581 583914 658813 670309 236021 518449 496082 273845 479523 721059 117514 793656 585480 823549 200479 580930 878267 577425 479306 531278 8620 874678 311801 162164 545152 497517 182419
76460 46766 209601 337502 347233 143146 7462 459393 743000 428245 172025 567688 444496 249965 626580 293293 254594 425570 323134 470897 439045 362507 68631 194025 572902 597153 477809 359087 552523 469430 469945 350799 553703 434387 263161 330665 0 341750 418016 364292 245710 97069 339346 370577 329724 417554 253873 399844 586219 318157 398390 435005 245785 525078 419847 368200 272310 482221 627567 149168 581071 726576 331215 501725 247395 509235 414104 550115 251307 386998 194865 673117 336642 48257 258079 427769 407244 546627 434207 244453 327557 550190 398284 260859 488902 388509 602160 398712 382788 552967 310556 233648 265441 322200 553816 587869 251068 384971 196431 511262
335093 376616 304863 491321 446855 201540 347437 263540 405288 318146 382894 677329 574070 516993 305286 573035 486190 214174 197939 706179 779341 663168 402308 173732 241131 576053 768818 417303 218404 343561 169194 254453 223032 748149 535965 349804 341750 0 693618 495279 128747 332205 384495 643475 609336 378511 433130 738002 643064 194550 730147 549393 585247 302105 78215 456726 563187 823736 341558 268444 590438 396098 204569 711851 563367 656138 755117 524308 592994 244046 507237 357899 638172 386569 470814 377122 420270 567644 170977 287362 554398 209440 569635 238536 797121 728211 514335 214694 286409 718168 649259 575302 605594 347089 697962 657615 427764 230019 355059 487295
485657 422868 623844 262847 735069 536204 410622 657424 1041039 568468 310726 355508 286896 178278 901513 549428 209650 832640 558945 104952 399362 82925 410606 520404 934001 543945 82548 383340 859327 887370 852407 767986 854090 129483 160550 742989 418016 693618 0 733950 640641 505948 400437 50247 88671 832156 626672 260847 959488 557446 452908 799643 271324 718600 762176 345013 521158 354243 856202 425450 973949 1006660 560747 164587 458721 274407 374647 526304 321212 801999 455310 932122 527901 405414 229573 510103 437147 938285 698378 429344 636108 893602 220245 678426 139151 385909 624861 808917 543840 263964 254479 324392 274470 734379 297190 954619 626280 593754 342359 918177
289435 333907 202249 701718 53464 367899 369299 727503 858416 735753 536304 931852 808678 594013 790845 233294 612007 393076 605941 809251 539978 659561 335623 466380 624030 945924 770965 714545 695810 315168 504552 279372 704799 699572 601881 161834 364292 495279 733950 0 371232 270521 690457 694436 653624 210323 111611 595456 226730 600400 449460 70722 477456 781621 554338 729131 251707 623034 836820 485470 245870 866641 615378 849364 307224 871444 531537 895935 439953 321316 286197 845415 304486 348894 619297 758529 755618 210381 657496 581394 141420 640138 760008 257103 756196 496030 930372 362223 690678 911341 525757 428783 484319 160224 915568 225165 113724 665648 557145 225074
219829 271249 176491 479707 325168 105954 252559 362376 526878 390057 338907 691180 576398 462788 433686 447027 444521 194051 256830 671538 670923 597126 296293 149477 331474 632612 709218 435305 344548 284212 224343 169072 350359 675367 480100 236911 245710 128747 640641 371232 0 212933 403957 590749 552700 285835 304484 644802 536701 251702 614516 429151 490640 412348 200134 466905 438788 722912 468028 229668 494695 522016 265875 687863 444143 655309 648386 580239 490413 182151 388514 486570 514384 284267 435337 432273 455509 467829 286351 290846 425664 317967 555943 119722 728095 619248 590866 174875 349221 712242 555533 472690 509701 232540 699538 548710 299127 309087 326152 397133
20923 83660 118085 433141 250615 138501 103240 502129 736925 488386 267318 663256 540110 343901 633736 246705 351445 365202 368756 564833 460696 444040 101352 226748 542839 679699 560061 445258 550436 387648 430255 274630 554303 507605 355748 237365 97069 332205 505948 270521 212933 0 422475 460191 418852 326208 162724 449756 490042 363323 401606 341132 298833 564349 408797 458668 233282 518368 650622 219835 484049 727941 377780 597572 231698 606014 439459 630854 287813 315788 175797 684063 307039 101110 355130 499644 488936 449566 457429 317654 255047 530799 495212 185838 563831 408939 673986 335181 442350 650034 362310 270577 315205 228783 650669 492410 159217 431490 286626 415981
405803 382425 501470 140273 662565 338860 336930 260876 657556 168058 189800 293136 193423 271692 514257 625301 216451 583004 195643 369080 670249 412510 395647 255295 600096 257920 482959 32811 489597 688116 553035 571603 481133 503491 288544 610675 339346 384495 400437 690457 403957 422475 0 358230 342530 679811 585117 567357 900080 197021 669539 760254 455433 319150 430217 75047 601108 671917 458423 205320 876887 617470 192781 355288 561373 275568 641376 211011 494790 585464 518384 538812 654338 374739 190250 116153 68289 845636 321774 115030 666894 546807 208962 502042 534311 630386 274840 571986 147762 339914 498819 482385 475173 603668 315418 905958 581462 207048 148128 788581
439696 377687 577749 223958 693344 486535 363233 612594 993277 525787 260585 346799 263385 128139 854408 518439 160512 783015 511085 121111 396395 73810 366782 470201 883948 518605 128743 343365 810692 839524 802165 719726 805685 151677 110704 697523 370577 643475 50247 694436 590749 460191 358230 0 41449 786241 585859 261946 920700 509436 440277 761182 243725 674724 712276 307384 489948 361983 811351 375248 932361 959677 513159 174737 428470 265207 369940 497033 295254 753189 420223 885964 502826 360320 181502 470218 399199 896796 650677 381141 601952 843884 192919 630391 176136 376665 593183 759538 499367 267033 238351 296020 250321 688930 294469 916689 585208 547538 292943 874081
398390 336269 536486 215414 652086 447950 322355 591389 966144 508265 227289 365463 271217 92349 828722 481003 133514 744291 484463 158413 377763 70408 325348 435678 850260 521514 159508 331076 781749 798928 766106 679393 777299 160985 73494 656161 329724 609336 88671 653624 552700 418852 342530 41449 0 744956 544784 248767 880019 482479 414223 720627 209654 654888 679467 298759 452463 352214 789696 340904 891100 934119 487123 208017 391624 284847 350288 496122 261614 713328 381131 861993 468547 318893 157297 456966 389051 855552 624075 354225 562985 811725 199278 589900 196442 353570 589161 720387 479151 294660 212411 260901 218422 647565 318056 876244 544083 524111 263046 832633
346573 409465 208517 732009 161847 343293 424655 638959 683350 675373 571801 956064 835844 667518 639520 420172 668168 210123 542443 888387 719143 768920 423793 426335 440866 917274 884796 709437 542671 105208 328588 124068 554362 827185 680488 90449 417554 378511 832156 210323 285835 326208 679811 786241 744956 0 248224 748280 269196 537377 635563 224163 608822 680614 415176 735665 430681 794967 704315 484279 212055 700522 551395 917359 473025 909600 705764 865005 583877 144872 434027 694236 496352 426949 667180 717619 736236 189717 549418 564791 342318 469832 802411 177857 884102 670827 876234 186099 635019 960153 667334 569017 621338 99003 954619 286822 245118 592488 575587 111331
180422 222330 128584 590876 109978 276317 258599 644185 820278 642364 425822 820891 697763 482961 737111 176186 500396 380281 516408 699352 470925 554334 224280 374006 598524 842075 667481 607965 645571 341739 478158 265863 652609 600048 491260 166024 253873 433130 626672 111611 304484 162724 585117 585859 544784 248224 0 506805 337604 510861 388142 181914 377576 702272 500948 620641 183393 547608 771329 381561 347554 821429 525751 738516 225377 759937 457870 792906 345223 312419 191097 790505 252875 237287 507787 659217 651343 311823 584220 478879 123282 603513 648482 209268 657071 422808 832767 347527 596621 799752 430746 332117 386843 159315 804016 336744 5397 577964 448442 303674
435155 375455 557272 456729 614397 542895 393362 791438 1130318 722663 402759 608729 519957 296256 1003379 371131 352041 814537 666633 365759 139363 188183 351838 573961 972536 768734 238002 563070 939818 827915 869117 722103 938769 147248 280843 659064 399844 738002 260847 595456 644802 449756 567357 261946 248767 748280 506805 0 805433 663199 208118 649750 154169 858120 815227 537355 347295 105190 983231 491244 840724 1107271 671818 425415 288363 527107 116956 740672 164981 764811 315833 1044179 322018 361126 378204 683421 623096 805522 800101 543801 468356 947416 448036 634992 190068 136800 829668 784867 686343 524042 89299 180946 135440 650849 554878 794860 508615 718074 449446 810034
510055 558901 398703 923182 239740 564781 591740 898186 944546 923473 757358 1153269 1030142 820536 908109 434358 837167 476186 790312 1035937 730409 883855 561878 659762 700704 1150641 993635 926361 811347 347467 594228 390533 823259 919036 828578 300191 586219 643064 959488 226730 536701 490042 900080 920700 880019 269196 337604 805433 0 784945 635450 159946 698720 944039 683988 944788 458431 818226 973321 695268 88974 965492 799625 1076006 519392 1095241 727350 1099358 657780 413904 507327 962696 492342 574391 843379 956332 962628 86136 813744 787327 337098 735344 984020 417679 975001 692589 1122999 454534 880418 1136716 742629 648232 703697 305316 1139657 25184 339166 845323 774308 178556
354669 364267 398335 321326 561147 234598 320195 141287 483891 138683 263992 486496 390293 394011 346663 604614 349542 404531 5554 548590 736813 546352 386690 137374 403266 386088 638177 229259 303109 524179 359756 417865 297045 637242 413553 484969 318157 194550 557446 600400 251702 363323 197021 509436 482479 537377 510861 663199 784945 0 710375 664988 523021 207076 233394 271733 586554 761162 320552 178154 746199 452054 14979 544006 565549 472530 709389 333795 547217 420923 512443 382890 654017 365665 327988 185162 226116 718749 141615 128363 617323 351337 397619 367869 678586 689478 339258 399401 97852 536593 580556 531033 544379 479641 512347 795376 506101 68195 221126 648707
395762 356723 479299 589806 482009 529246 394673 849767 1135310 801644 482158 778219 673914 423622 1023940 217340 474892 750280 714931 556141 95491 371731 331495 592367 943770 903337 443707 674754 946370 729523 829002 642665 948738 353469 415350 553763 398390 730147 452908 449460 614516 401606 669539 440277 414223 635563 388142 208118 635450 710375 0 490167 219340 916693 807881 660430 204908 184964 1025243 532796 684441 1122394 722171 613652 173314 698496 99015 867089 174952 688890 226945 1071230 145645 350288 498157 780062 733960 651031 832382 611796 309307 932200 603643 566527 398172 71363 943854 718028 759232 707150 202146 187264 202992 546690 732248 621250 391741 774367 528315 674150
360130 404216 267040 772408 104356 434450 439990 789122 897387 801429 607021 1002527 879359 663078 838373 280359 682093 425429 670506 877026 583491 723910 405228 532566 658345 1015146 833876 784653 742266 327658 541266 317305 752156 760028 670483 202896 435005 549393 799643 70722 429151 341132 760254 761182 720627 224163 181914 649750 159946 664988 490167 0 539134 841331 603737 799651 302600 669312 889894 555078 194319 909326 679945 918085 362064 941847 577797 964915 499024 354538 347607 893221 344726 418994 689697 826355 825073 161003 715095 650487 183056 680183 830387 311337 816221 542528 997381 396712 756706 981253 584279 489022 544562 203979 985901 155891 184249 729279 627731 202470
283091 221990 410454 370469 487494 388905 239385 656863 980922 597606 273482 564906 456500 204601 857107 278535 255580 662177 526911 364787 217062 190047 199070 424335 818639 684226 295165 458221 790118 682537 714964 573031 789757 222580 197483 518549 245785 585247 271324 477456 490640 298833 455433 243725 209654 608822 377576 154169 698720 523021 219340 539134 0 724103 662827 441845 250473 240663 843416 346734 722462 960018 532938 417307 187687 487047 188629 648748 52000 614620 191600 899841 259176 207244 279082 568656 518010 686738 656053 411080 367939 794500 387348 484666 279535 174978 728090 633010 557750 503320 64896 53085 21362 510099 523744 691721 378391 582039 320881 679958
557662 570994 581066 459288 737149 429142 527223 67275 359293 152334 455393 547486 489324 573911 217386 808806 522688 503076 202257 686153 939835 723162 593662 338242 394475 360584 801134 340950 238215 639723 413839 556552 223986 814984 592699 647238 525078 302105 718600 781621 412348 564349 319150 674724 654888 680614 702272 858120 944039 207076 916693 841331 724103 0 281447 384509 791761 958889 140702 383898 892529 311107 194661 665992 772411 563963 911979 319439 751334 544115 718960 227602 860305 572700 497837 223153 299798 869621 131419 314468 814839 329839 523413 531487 849951 893537 260834 510894 175737 629085 778890 735562 745361 643588 594006 957793 697216 142568 408731 789156
412450 454809 372417 547819 503801 279687 425473 259653 328128 335036 452214 719273 623117 587217 237053 647076 553234 223155 235227 768675 857554 735423 480501 246231 173466 594680 838904 462594 144790 361556 136876 294120 151750 821674 606452 401166 419847 78215 762176 554338 200134 408797 430217 712276 679467 415176 500948 815227 683988 233394 807881 603737 662827 281447 0 504603 638280 901667 289440 339363 623906 321929 239415 770330 640341 705430 833327 544541 671128 272110 584272 291302 713622 464779 536177 402832 456398 604492 155314 344473 623502 133339 625649 298130 869596 806414 519658 234841 312194 769044 726658 653445 683270 399761 745632 700489 495552 248530 420741 518890
440258 407120 548372 83646 705474 392414 364444 330010 729495 232195 201139 224478 118564 243255 585723 641033 188171 650796 270501 301852 650541 369029 416206 317442 674956 243872 426669 44980 563964 750700 625719 632141 555227 457397 256960 662186 368200 456726 345013 729131 466905 458668 75047 307384 298759 735665 620641 537355 944788 271733 660430 799651 441845 384509 504603 0 615216 642544 524987 252425 927112 687981 267791 283220 569616 200842 621679 206959 486070 649052 531939 607970 661733 396702 163249 166499 92135 894819 396082 176480 692072 621851 138909 558033 482487 614685 292332 638080 219045 264933 477200 475763 460020 654771 241476 949042 617444 280709 172201 842590
235794 225619 284280 563213 279076 371526 272157 727528 965664 700555 415298 782735 664225 418117 866483 28551 453968 553563 591760 610590 290524 440482 207480 453963 758928 855218 543417 615832 781544 525069 640835 442647 786073 463933 419257 349295 272310 563187 521158 251707 438788 233282 601108 489948 452463 430681 183393 347295 458431 586554 204908 302600 250473 791761 638280 615216 0 371647 883308 421439 494808 959268 600281 659513 63054 710895 280344 811254 203862 489250 83286 917162 75928 229102 470005 697497 669323 459987 689663 515352 121476 754643 602544 372328 518899 244844 870868 520911 655065 737585 286250 197562 251171 342391 751639 448658 187134 654342 453097 473605
