NAME : TSP_INST
TYPE : TSP
DIMENSION : 100
EDGE_WEIGHT_TYPE : EXPLICIT
EDGE_WEIGHT_FORMAT : FULL_MATRIX
EDGE_WEIGHT_SECTION
0 450021 473301 220916 731720 790030 991707 777582 371834 689838 1047302 617131 656851 879603 630579 305241 775944 588262 588101 152955 684309 433232 714918 279829 131938 326891 676404 297580 542154 428128 864970 500845 591016 820847 786814 483167 549256 696761 235128 652189 977348 654111 794842 782378 909331 378279 276727 186013 220509 676081 184759 748937 707071 853344 482665 730098 293455 811499 810183 651934 155330 528052 178679 527694 949066 767810 438157 666498 876191 405967 117103 103543 349600 369378 797322 572622 629527 583929 812117 564355 433471 310293 721991 801317 483196 239898 282862 639154 192425 636794 116541 508647 541540 751455 229336 307058 573886 435216 322542 523008
450021 0 168684 614715 400428 988185 708468 935792 524771 798633 757237 537209 209515 1062420 564624 402952 937610 275070 316257 597080 764994 140410 536868 662400 337230 652691 260114 155571 126593 424255 543017 550031 142930 662833 419335 734605 408104 528451 241509 296157 727887 292195 701142 454468 712106 728842 450974 323466 514428 645628 267024 856517 441175 536339 176050 502346 163291 839475 995099 301157 436413 715747 584556 102706 731562 512738 142134 496379 527644 442474 368857 552506 403870 239341 933033 781173 695481 152798 688196 141272 661737 596977 296187 886408 314381 397042 308205 347943 289581 525678 334546 74567 250898 523738 606827 522091 125752 688007 495074 652673
473301 168684 0 582898 270711 857414 566116 797013 418457 654233 618254 372662 248843 925595 400707 310178 799573 127016 154520 626154 616277 45363 369135 619758 342272 586818 389747 204404 278864 288176 412985 409339 204951 495264 315571 633419 242163 360123 331225 452238 575697 181295 532772 324849 549205 665311 370577 408322 460171 483294 319752 709559 285031 403670 344629 339708 255454 679523 860745 458368 512968 596385 562575 125148 572336 356446 307613 327855 412373 315318 429587 565388 293761 132265 789338 663100 547205 286284 519553 285082 559979 523986 265225 734216 152534 331247 235029 195222 369371 358487 373864 226660 89268 361735 568456 437500 233309 591591 401761 522568
220916 614715 582898 0 803043 602452 1014361 606880 288484 550249 1069957 586094 806761 693334 589669 304432 603897 672655 654396 218844 559358 553376 714165 58989 281563 130185 862885 460590 724699 416006 918178 431199 744972 795964 871536 299921 565038 694193 439513 854354 983331 750097 741538 846444 894595 160737 243308 404418 135055 608665 375874 603361 749801 904933 684212 751139 479070 697167 626568 855122 367925 372029 42987 670455 940996 797101 636200 670045 943051 380866 336854 158739 345403 454298 634816 398716 520597 762094 771531 745260 274304 153699 847611 661176 532557 257659 349599 704472 403982 617224 315524 683063 626461 769505 26113 215450 740092 260193 254188 400954
731720 400428 270711 803043 0 911176 309026 832897 569230 685153 356843 357979 311484 959030 383128 500817 837433 145258 148776 882647 636537 315929 250516 828077 599893 773032 507806 475047 459340 413189 143777 489209 328732 347447 80944 766019 271164 257846 601204 608259 337583 110288 433522 54723 353905 848643 564497 678998 669775 458720 589518 726468 107562 136122 561560 177512 523675 643171 904835 616370 783213 698485 791638 303304 357389 152133 539117 244434 144472 451193 698740 816001 465030 363630 810666 761167 578060 439820 396648 452225 698935 707338 213871 729378 271121 546275 462051 98761 640073 320611 640285 422767 190750 188216 783871 616516 382219 735947 574606 609839
790030 988185 857414 602452 911176 0 936352 90329 472595 227609 978631 553311 1100698 90886 529134 595322 83708 858232 808139 820973 278159 860400 681274 554403 767901 473619 1241676 878900 1114642 569685 946070 449208 1062338 661257 991593 307365 656578 666803 935150 1282044 868578 933563 552294 922965 750281 456886 567047 939900 572691 462053 865865 201046 808561 932484 1130786 756127 930006 340791 32121 1286170 945201 278665 640907 982101 800160 804148 1080605 670687 999095 546603 885961 758655 585543 749490 132816 220742 333129 1134326 603981 1127409 360454 479743 1073528 233428 714808 627214 691425 834655 921396 591800 834990 1061615 832440 759213 581895 504920 1087314 354819 513824 336105
991707 708468 566116 1014361 309026 936352 0 847333 739383 716801 55915 447298 605729 956602 456293 715158 853488 440230 416966 1135387 666200 611033 304514 1025114 863896 951291 799539 767577 766130 598355 173814 615027 633325 275679 316930 891175 451411 324622 895490 906531 78388 419176 384118 256790 190471 1017833 772202 969126 880115 490614 873680 735385 287787 176412 870399 264652 821445 606662 919941 914930 1066603 802012 1013383 612322 147520 223899 847991 345204 216633 633944 979095 1062440 671243 627866 811763 851718 632467 743307 332390 757446 838692 888917 492147 713147 508602 773936 709248 371203 930032 408834 915633 731396 478014 245183 991331 804455 687372 876372 762954 714061
777582 935792 797013 606880 832897 90329 847333 0 435401 148356 889064 475242 1036084 129127 449780 554354 7009 788236 736628 825131 196411 803740 597979 564687 740715 476733 1184838 836250 1061503 512441 861666 387990 1001158 572708 912766 307095 585294 584328 902884 1231466 778955 861324 463219 842071 660613 474861 534801 915237 557211 378590 834915 112249 728707 848237 1085601 673572 890470 250573 73448 1236040 931178 250422 642153 922154 710306 720700 1036099 590269 915711 493679 865769 757931 538495 696477 46215 208504 257760 1078449 514961 1072970 344390 470374 1002415 143775 650247 593861 648322 760105 893572 512379 810449 1008073 765376 675551 584119 479185 1029197 348426 480820 285985
371834 524771 418457 288484 569230 472595 739383 435401 0 324869 794150 300065 667080 554149 301747 123514 435531 463712 428677 466951 313807 409423 435292 288273 308982 212292 783523 406606 651042 156045 663794 143270 618209 508693 646158 214991 304690 415139 467551 813994 702056 545628 453698 603708 608458 282887 101686 484158 169147 322498 399988 385572 495404 649861 659028 482109 457537 439790 484379 817637 515723 194385 300678 536494 655997 531207 608634 394763 698239 118103 440982 389753 124979 293466 445283 257779 257722 675453 483049 665884 141524 149648 670113 434033 307748 158899 220169 472669 460031 333851 380668 599247 424320 498076 263087 74489 634159 174170 49627 156304
689838 798633 654233 550249 685153 227609 716801 148356 324869 0 761763 327250 890295 276712 302263 433885 152526 640595 588636 760917 51132 663704 453764 519552 633544 425733 1043458 709199 923232 374511 718807 248652 857305 441199 765249 271486 437515 439196 786938 1094791 652568 713138 335795 695649 535356 448285 426524 808556 472201 234832 721403 61027 581616 705162 954300 528518 766292 165605 219683 1099728 838412 179926 579020 779274 586421 576631 905707 443448 771534 360582 765638 687964 411035 560331 135111 181484 109728 938004 386493 933632 276035 399896 854378 112141 505367 482099 523198 611750 783169 364949 705466 869660 618859 531763 525084 382918 887273 295569 373851 168652
1047302 757237 618254 1069957 356843 978631 55915 889064 794150 761763 0 500522 645563 995337 508442 771023 895357 491795 470615 1191205 711556 663353 358946 1080294 919258 1005865 837284 820595 810264 653960 216471 668398 676647 321147 356382 942961 507290 379090 948423 946117 110167 466237 426859 303253 228522 1071853 827936 1022701 935797 538997 927790 777607 342415 221487 916542 320557 873707 645042 961150 954603 1120965 852706 1069177 659664 180096 279562 895714 400441 250355 689406 1033639 1118320 727059 682850 852214 901087 680624 785665 375527 800637 891624 943747 529752 752545 564136 829849 764944 423937 983590 462608 970470 777315 530720 301002 1046852 859672 730754 929198 818265 765388
617131 537209 372662 586094 357979 553311 447298 475242 300065 327250 500522 0 583630 602185 28763 312729 479661 325582 270964 741569 279157 397007 145742 588302 509134 508567 755270 498792 651491 189014 405171 167891 561542 210309 438287 445962 130856 126729 610818 824707 403796 391523 182592 371085 308622 572069 355722 661809 457332 112813 561378 370627 255791 391053 709651 211262 561615 310428 546923 830937 731842 361907 592933 490923 355937 262036 666902 120295 452888 214109 644770 664402 267692 327170 454805 418375 220345 656311 194987 656938 391429 448791 533489 380295 222883 378066 352505 287116 626699 41180 576883 599272 314070 220293 561342 370846 600216 429165 332254 271897
656851 209515 248843 806761 311484 1100698 605729 1036084 667080 890295 645563 583630 0 1165181 612356 555740 1039126 259215 314455 805609 848722 261698 528684 849863 537935 827034 196382 359419 182066 534483 431923 651498 66591 644369 289292 882071 456983 528011 449969 300817 645467 212972 712487 354706 663992 905165 613540 531245 694240 696277 475687 942614 396433 430279 298925 469661 372743 893432 1102175 309239 644184 844281 780314 136779 668855 458495 298803 502345 396646 563386 578359 758232 542205 376422 1024658 911014 781189 146322 685230 165731 808565 766226 118944 960859 386129 568093 472019 314826 498471 558397 542546 173990 272105 486320 795841 682457 104755 839707 648461 768145
879603 1062420 925595 693334 959030 90886 956602 129127 554149 276712 995337 602185 1165181 0 576107 675540 126114 917157 865340 911857 323072 931530 720448 645196 853933 564427 1312844 958748 1188442 640076 981965 516324 1129930 685164 1038457 397611 714137 707724 1019627 1357620 885309 989822 574532 966310 767290 547229 650923 1026888 661416 502016 950751 232896 853966 968788 1209497 796605 1011426 350302 70257 1362034 1034628 362317 731725 1050710 815346 842602 1159653 715431 1037257 619951 974073 849430 662561 823104 149247 308187 386400 1206181 626041 1200306 448333 569356 1131089 243595 779282 710817 770782 888027 1007405 638453 921907 1135110 894500 797325 672726 590837 1157438 444492 597248 410332
630579 564624 400707 589669 383128 529134 456293 449780 301747 302263 508442 28763 612356 576107 0 325381 454356 354191 299487 751501 253410 424304 160444 589001 525941 506748 783915 522665 679570 203785 423985 163568 590258 207227 463032 434910 159267 142831 632734 852868 408636 419490 164820 394005 308077 567708 364502 681730 463319 84052 581696 343997 279439 409966 736513 230427 585417 281677 521878 859055 748966 347585 598536 519433 356993 280530 693349 141815 473432 225123 662499 674058 281149 351437 428232 401682 197061 684748 183963 685210 383747 448721 561435 352247 250247 390797 371279 314623 647177 62692 594721 627231 342816 237366 564535 374253 628771 421100 337203 258439
305241 402952 310178 304432 500817 595322 715158 554354 123514 433885 771023 312729 555740 675540 325381 0 554945 377309 352999 430569 414190 294649 421832 327299 210035 279688 662550 283582 528807 124591 613753 206007 503219 519454 572098 332082 263767 402545 353142 690646 690176 457819 489613 542719 611918 357879 64081 380611 169725 373409 288688 494864 445537 600529 535695 450621 336169 526423 606133 694228 430666 317691 298900 421948 654662 494899 485384 375063 639275 100925 347948 354190 45632 179346 560683 381278 350088 554588 507578 544220 258919 215260 571134 538138 229697 65430 96662 402056 352062 335107 282309 477517 333259 470057 283919 127328 515496 286618 93341 269518
775944 937610 799573 603897 837433 83708 853488 7009 435531 152526 895357 479661 1039126 126114 454356 554945 0 791802 740350 822285 201106 805931 603142 561267 740236 473723 1187129 837142 1063419 514548 867022 390390 1003845 578749 917380 304012 588942 589372 902896 1233172 785262 865155 469370 846941 666930 470848 534609 914622 555667 383715 834791 118215 733426 853569 1086788 678643 891104 257348 68038 1237705 929721 249328 639421 924702 716682 725904 1037214 595034 920925 495341 864776 755407 539632 698274 53132 205887 261640 1080630 521103 1075012 342586 468267 1006143 150693 653185 593813 649170 764181 893209 516989 809784 1010017 768618 680779 581275 478386 1031586 345891 480639 287051
588262 275070 127016 672655 145258 858232 440230 788236 463712 640595 491795 325582 259215 917157 354191 377309 791802 0 55242 739953 596555 172366 276937 702468 456325 655976 440974 331166 359551 312329 286222 413628 246402 399354 200737 672529 203114 273365 458231 525159 453881 81917 456702 198634 438998 733526 441301 534909 542253 437836 444404 690155 166197 276718 447090 230533 382198 634564 856812 532446 638203 618249 657859 191960 456658 237677 417147 245439 288976 347753 553506 674953 347660 223187 773364 683989 530871 352079 433693 358507 601463 590700 215616 704876 156210 415068 325410 72879 495882 299227 495146 314046 47158 251013 655165 500226 292982 636635 459953 534782
588101 316257 154520 654396 148776 808139 416966 736628 428677 588636 470615 270964 314455 865340 299487 352999 740350 55242 0 737616 543841 197471 225268 680263 456953 627863 495131 351041 409049 273964 276938 367002 300244 349540 219558 633038 151596 220307 478976 576944 422024 125616 402638 195474 396126 704380 416912 552171 521433 382958 457393 637213 131386 265555 491047 186277 406635 579475 805859 584059 650939 574054 642882 241230 417936 202280 457996 191366 291260 310963 564217 669494 318830 218723 720703 639108 478943 404134 381235 409389 563339 562205 265793 650765 123771 397502 314145 51341 513072 244029 502589 361595 65881 207961 635425 471291 345363 599397 429887 488743
152955 597080 626154 218844 882647 820973 1135387 825131 466951 760917 1191205 741569 805609 911857 751501 430569 822285 739953 737616 0 764770 586186 850639 268094 284181 348860 810438 447699 680465 555057 1013971 607095 739340 949813 939116 518504 687590 831752 367959 773426 1116832 806797 912800 932610 1042331 370612 387180 299506 298274 786620 330071 816299 853424 1002045 608056 871856 436298 899484 845345 772026 211343 585895 183377 678645 1084385 911780 568066 802960 1027072 527461 235796 77658 476198 519275 851946 616704 718674 723862 935291 703189 487479 361257 874099 872819 628591 366627 427072 788866 320092 765584 263161 651382 693050 892645 241014 393830 718854 477252 421616 602845
684309 764994 616277 559358 636537 278159 666200 196411 313807 51132 711556 279157 848722 323072 253410 414190 201106 596555 543841 764770 0 628196 403124 533431 619066 439350 1006008 682828 888454 342831 667971 218095 817867 390722 716357 296076 393554 388821 766702 1060893 602594 667611 286366 645912 485744 469857 414187 793104 470724 183936 702876 93892 532323 654359 924329 478149 741418 139317 268877 1066081 829523 198700 585176 740915 536966 525998 876453 393931 720967 333208 753705 690124 387052 528464 176863 215186 69516 901484 336649 898009 288227 406460 809230 124546 465686 466860 499393 565122 765935 315979 691535 834887 576734 481054 533654 377993 849585 312912 363429 162492
433232 140410 45363 553376 315929 860400 611033 803740 409423 663704 663353 397007 261698 931530 424304 294649 805931 172366 197471 586186 628196 0 405939 592958 303328 565829 381429 159120 260405 291459 458335 416024 208966 531972 358946 623876 268605 395660 285867 433482 619394 224069 563497 370141 589662 644117 351843 363069 435006 505222 275442 720573 328645 449033 313396 380895 210414 699354 865403 439017 468233 593708 530818 127404 614280 399749 273065 362809 457137 314261 385483 527415 284679 116091 798629 660138 558731 274710 553246 269958 550270 504604 295337 748453 174124 307412 210909 239912 324155 386671 331118 206910 133330 403131 540320 420942 227190 580160 387761 524355
714918 536868 369135 714165 250516 681274 304514 597979 435292 453764 358946 145742 528684 720448 160444 421832 603142 276937 225268 850639 403124 405939 0 722137 594685 646920 716806 540659 634267 299921 265495 311789 522971 126148 324785 591657 166696 20153 664168 801878 269355 318101 185658 247649 195930 713382 474704 727018 581286 219443 626578 487906 143335 251695 712819 76532 601815 393778 671171 809076 811283 507104 716147 466491 234187 122874 676747 48764 317862 333491 722604 775195 376552 375799 571207 562090 353890 628878 157023 634592 536013 584928 453650 484335 251117 484278 434665 213881 689237 105509 655603 586288 287520 78112 690455 501809 569865 573884 460893 417330
279829 662400 619758 58989 828077 554403 1025114 564687 288273 519552 1080294 588302 849863 645196 589001 327299 561267 702468 680263 268094 533431 592958 722137 0 333760 94110 913693 509835 775218 429052 937579 426879 789382 796221 899117 258411 580327 702011 495586 908616 989950 781577 734555 869240 896488 103822 263608 462757 160514 599847 430655 569804 768461 924049 738750 764265 531858 672496 579736 909608 426553 339676 101823 713144 944237 811733 690213 679910 965644 392120 395497 214495 364415 488935 595158 358426 500807 811521 767742 795340 245218 140624 884983 628684 556975 289376 384785 729319 461292 621913 372050 732158 657132 781600 56244 220677 787130 224477 262463 380359
131938 337230 342272 281563 599893 767901 863896 740715 308982 633544 919258 509134 537935 853933 525941 210035 740236 456325 456953 284181 619066 303328 594685 333760 0 345566 581395 181684 443369 322499 733891 415915 473503 706034 655008 471854 428012 577344 172217 575555 852742 522649 690621 650771 790374 414400 207385 175199 208801 581077 102473 694384 577835 722430 406323 604433 198107 735775 783677 576828 223066 492088 248477 404907 827955 640228 357120 545946 744358 308092 138100 224335 248670 238386 753371 547216 557454 481527 702762 464174 408608 304865 595359 741475 355598 152216 160191 507854 153506 524056 72619 403019 409619 626183 277522 263116 462963 421796 260983 465211
326891 652691 586818 130185 773032 473619 951291 476733 212292 425733 1005865 508567 827034 564427 506748 279688 473723 655976 627863 348860 439350 565829 646920 94110 345566 0 910264 507064 772074 363556 874141 343285 770099 713577 847359 169737 514753 626777 516438 917045 912159 737000 646937 810724 814820 78495 216802 497860 139816 511610 447624 476716 705167 860320 749642 694307 539297 578458 497097 918917 481102 245994 167303 690801 863556 743195 699592 606988 906278 325449 435063 285064 309159 454573 505167 268734 407849 804855 682144 790706 151124 65700 850044 535322 504214 259121 355035 674868 489193 544210 398213 725369 612623 710368 108354 156602 774277 131550 198438 287532
676404 260114 389747 862885 507806 1241676 799539 1184838 783523 1043458 837284 755270 196382 1312844 783915 662550 1187129 440974 495131 810438 1006008 381429 716806 913693 581395 910264 0 404523 138573 672840 626047 796881 194994 835903 482622 994481 624927 714192 443361 115005 841388 406786 897646 550782 859607 985392 711059 512713 771049 867732 493670 1099210 589655 625139 209719 661977 385793 1065230 1246831 123662 617991 972624 829370 265721 865195 653622 242973 686347 587051 695175 574683 779701 661011 493169 1178555 1038577 936882 108073 873828 119635 921460 856004 307627 1123669 541393 656624 568270 503905 490460 734806 560811 185823 442076 679597 857562 782180 156464 948066 754998 905575
297580 155571 204404 460590 475047 878900 767577 836250 406606 709199 820595 498792 359419 958748 522665 283582 837142 331166 351041 447699 682828 159120 540659 509835 181684 507064 404523 0 265957 343477 617335 464982 293901 664112 515618 605507 384088 527316 127943 413382 771695 380583 677741 529249 732106 581321 319282 203956 367381 595321 121372 769463 482082 607875 252768 527501 62840 777230 889526 416096 310494 600991 429459 231075 761075 551837 202187 493915 615808 349645 230815 398850 298576 171771 839868 663699 614738 301718 676346 285634 534815 455473 428112 807189 290664 260696 188010 396665 165088 499316 184873 222500 289952 550014 453879 389160 281285 556898 369042 550328
542154 126593 278864 724699 459340 1114642 766130 1061503 651042 923232 810264 651491 182066 1188442 679570 528807 1063419 359551 409049 680465 888454 260405 634267 775218 443369 772074 138573 265957 0 549372 593884 674890 134296 758345 456488 859904 520843 628425 312579 173554 796434 349737 807272 509579 796368 846978 575104 387033 632713 762074 358075 980576 521946 589889 117043 589711 249443 957873 1121324 179531 496638 842318 691633 167881 809583 591253 125524 597931 566481 568609 445101 645684 530458 365403 1057918 907687 818961 45558 789514 23042 787290 718438 298010 1008853 430623 519695 433375 429955 360956 636086 425875 53582 347953 609640 719113 646183 80782 812859 620417 778975
428128 424255 288176 416006 413189 569685 598355 512441 156045 374511 653960 189014 534483 640076 203785 124591 514548 312329 273964 555057 342831 291459 299921 429052 322499 363556 672840 343477 549372 0 510711 125862 493083 394865 490341 360218 151638 280265 440512 720386 569171 393880 368605 448134 487842 437189 174813 482586 281997 261251 384174 432951 341640 496943 581511 335608 404160 434248 574044 725264 545562 310513 416358 412502 531305 382691 533806 254517 543150 38242 459660 478471 79077 185930 508778 377148 273680 566111 383993 560548 289604 298407 523803 466208 156569 189533 171849 316866 449695 210538 392109 495864 276362 353598 393084 209408 517827 325452 167062 234393
864970 543017 412985 918178 143777 946070 173814 861666 663794 718807 216471 405171 431923 981965 423985 613753 867022 286222 276938 1013971 667971 458335 265495 937579 733891 874141 626047 617335 593884 510711 0 561109 460471 312204 143538 843854 359416 281524 744083 732719 220587 250980 417965 89070 277067 946658 675578 821130 783308 484036 729958 750586 169208 14197 700217 193920 667049 643944 935044 741117 923882 765454 910864 444139 261561 143455 680229 285461 60584 548723 838403 944798 573662 495618 832907 823391 619264 569987 370788 584549 782234 809111 319048 741918 388889 665596 588395 226192 782104 364049 778271 560965 329407 187396 897287 719799 514573 820119 677390 675185
500845 550031 409339 431199 489209 449208 615027 387990 143270 248652 668398 167891 651498 516324 163568 206007 390390 413628 367002 607095 218095 416024 311789 426879 415915 343285 796881 464982 674890 125862 561109 0 613936 370310 569717 282784 219312 292056 553141 846183 571068 492183 310480 513916 471573 404593 224440 586051 311169 179802 491837 307218 399291 546917 706659 369998 524108 320774 451514 851092 634920 209297 443898 534417 520552 420905 658545 278296 603267 115842 553582 529521 172442 311741 383050 272868 149766 690690 341084 685692 224252 286288 629089 342255 265844 266278 283630 400965 556297 206445 488291 621343 384571 382440 405577 217662 641210 262162 185553 121829
591016 142930 204951 744972 328732 1062338 633325 1001158 618209 857305 676647 561542 66591 1129930 590258 503219 1003845 246402 300244 739340 817867 208966 522971 789382 473503 770099 194994 293901 134296 493083 460471 613936 0 643641 322235 832807 431804 519767 383533 282304 666308 221043 702858 377413 673310 847855 558910 464960 635463 674235 409332 911551 400141 456925 247077 470982 306154 871872 1065443 290069 577932 800268 717494 81727 683149 467002 240062 491558 432191 519425 511769 692728 493320 325053 992288 866909 749305 111169 679909 124122 759200 710507 167781 933399 352206 511009 415928 311469 431969 540147 476373 113220 247662 489580 734853 628791 54108 789097 596473 727473
820847 662833 495264 795964 347447 661257 275679 572708 508693 441199 321147 210309 644369 685164 207227 519454 578749 399354 349540 949813 390722 531972 126148 796221 706034 713577 835903 664112 758345 394865 312204 370310 643641 0 410698 630815 283094 137084 786011 924307 213352 431539 110697 328081 102230 772851 565418 846166 667640 219798 745305 460538 248552 300940 838708 174825 725786 338123 645663 931671 926005 537092 803241 590464 153026 196794 802878 170457 372040 423128 837632 873001 473894 496609 538488 582169 360456 751204 59881 757845 585970 655942 559671 441740 373519 584191 546123 332244 808976 184403 770016 711118 412919 159898 771034 580545 691988 622497 542432 452653
786814 419335 315571 871536 80944 991593 316930 912766 646158 765249 356382 438287 289292 1038457 463032 572098 917380 200737 219558 939116 716357 358946 324785 899117 655008 847359 482622 515618 456488 490341 143538 569717 322235 410698 0 845406 351136 334008 638006 590042 362040 135077 503792 82878 401276 923696 636115 718266 739664 537271 634229 805706 184724 143665 566463 249260 558278 718557 984901 598491 826087 779014 857911 317232 395346 214430 550849 323114 110204 528065 744354 875181 538384 423910 889830 841902 658534 429874 463614 445596 777657 781684 175521 807083 343323 613930 525856 173491 679954 400392 689435 427683 247864 256018 853297 690767 376176 814440 649237 690550
483167 734605 633419 299921 766019 307365 891175 307095 214991 271486 942961 445962 882071 397611 434910 332082 304012 672529 633038 518504 296076 623876 591657 258411 471854 169737 994481 605507 859904 360218 843854 282784 832807 630815 845406 0 495041 572387 643024 1018155 840846 754093 546039 794337 732814 177256 286359 639285 268623 413372 572975 315938 680787 829666 857419 652565 649383 433680 329139 1021197 638470 99299 336128 751132 783841 703537 806672 560654 885183 325237 582254 453061 339917 507793 336747 100053 284176 886584 588889 875848 73608 173347 882517 375683 516533 345002 426543 673118 624048 486300 535182 809154 635481 664380 277608 216517 847279 50058 239536 178218
549256 408104 242163 565038 271164 656578 451411 585294 304690 437515 507290 130856 456983 714137 159267 263767 588942 203114 151596 687590 393554 268605 166696 580327 428012 514753 624927 384088 520843 151638 359416 219312 431804 283094 351136 495041 0 149773 503661 693950 429251 276999 296588 300549 362543 587403 321891 563097 430160 242843 462273 487255 190721 345572 581984 186859 446542 440306 654303 700225 644997 428397 562322 360184 400197 232071 540682 117942 393981 189438 556368 613180 220217 214197 570309 492151 327787 525485 292271 526104 428892 449832 417293 503875 95977 323110 268081 181751 525885 118331 489175 468822 185323 206419 542835 361042 469565 466263 318681 340910
696761 528451 360123 694193 257846 666803 324622 584328 415139 439196 379090 126729 528011 707724 142831 402545 589372 273365 220307 831752 388821 395660 20153 702011 577344 626777 714192 527316 628425 280265 281524 292056 519767 137084 334008 572387 149773 0 649958 797207 289218 319243 184497 258835 213041 693320 454997 711733 561433 205856 611113 474923 150294 267584 704500 89329 588840 385325 657356 804284 794764 488503 696377 460969 252711 138188 667502 33409 332508 313601 706126 756155 357186 360976 558562 544088 337863 624440 161100 629457 516304 564775 456824 473371 236974 465261 417207 213546 674152 86087 638947 579717 280725 94539 670443 481710 565647 554197 440835 398582
235128 241509 331225 439513 601204 935150 895490 902884 467551 786938 948423 610818 449969 1019627 632734 353142 902896 458231 478976 367959 766702 285867 664168 495586 172217 516438 443361 127943 312579 440512 744083 553141 383533 786011 638006 643024 503661 649958 0 417760 899300 503571 792370 655646 857248 582739 368742 82332 380923 700116 70066 847942 609958 734885 247785 654255 80707 872527 949471 417840 195009 657348 401176 336842 887439 679533 203132 616670 740489 438062 132574 337484 380799 289507 912140 715070 701202 356317 794700 335370 578039 477079 535264 890952 413088 309119 270138 524488 48993 615621 124221 286190 417712 676774 440132 430897 355855 592999 422558 621149
652189 296157 452238 854354 608259 1282044 906531 1231466 813994 1094791 946117 824707 300817 1357620 852868 690646 1233172 525159 576944 773426 1060893 433482 801878 908616 575555 917045 115005 413382 173554 720386 732719 846183 282304 924307 590042 1018155 693950 797207 417760 0 944801 502689 977926 654170 955576 988876 731812 474554 777364 935523 478504 1152614 682365 730891 170293 752729 378176 1131424 1289865 8691 569746 1007215 817491 336905 964567 749231 218455 767521 696545 737833 541600 753091 696541 535094 1229161 1071693 991377 173105 958178 168378 946699 868012 416916 1181803 604165 673891 594077 592815 460122 808496 541366 226698 518182 771633 852496 802185 232331 969898 779985 947431
977348 727887 575697 983331 337583 868578 78388 778955 702056 652568 110167 403796 645467 885309 408636 690176 785262 453881 422024 1116832 602594 619394 269355 989950 852742 912159 841388 771695 796434 569171 220587 571068 666308 213352 362040 840846 429251 289218 899300 944801 0 446697 317168 290791 118363 975645 743982 969584 850637 432750 871683 667578 290752 218512 895609 248654 828476 535008 850997 953013 1062366 748775 985478 636405 70796 219950 869373 315142 273288 602819 974003 1042205 645172 621599 742047 795241 573780 777362 266086 789758 792291 851532 536763 642417 498195 751578 694705 381689 930737 368230 908759 757956 486436 226650 959466 770202 719786 829501 729683 662731
654111 292195 181295 750097 110288 933563 419176 861324 545628 713138 466237 391523 212972 989822 419490 457819 865155 81917 125616 806797 667611 224069 318101 781577 522649 737000 406786 380583 349737 393880 250980 492183 221043 431539 135077 754093 276999 319243 503571 502689 446697 0 503317 162984 453411 814729 521654 583483 621125 501566 499199 760584 183467 244810 451288 256753 424231 695594 930941 510611 691030 698302 733652 193427 462118 247099 429492 296345 237922 429541 609342 744520 429184 297013 844381 763719 603564 332140 473670 343472 683212 671864 141966 771735 238053 493056 401102 106766 545072 360730 554950 312485 124635 273382 733325 581565 273775 718478 541519 613784
794842 701142 532772 741538 433522 552294 384118 463219 453698 335795 426859 182592 712487 574532 164820 489613 469370 456702 402638 912800 286366 563497 185658 734555 690621 646937 897646 677741 807272 368605 417965 310480 702858 110697 503792 546039 296588 184497 792370 977926 317168 503317 0 422941 199577 699544 525750 844373 620341 135549 743876 351285 327750 405929 876455 256039 740540 227802 535908 984782 913589 448880 754107 641030 250645 290653 836420 211304 476735 388923 826873 835179 445739 506066 428202 487637 265590 805818 51757 809670 509376 594210 639268 331059 392558 554949 534953 398006 809136 178809 759031 757123 459763 247786 715823 527955 747458 544087 493893 370497
782378 454468 324849 846444 54723 922965 256790 842071 603708 695649 303253 371085 354706 966310 394005 542719 846941 198634 195474 932610 645912 370141 247649 869240 650771 810724 550782 529249 509579 448134 89070 513916 377413 328081 82878 794337 300549 258835 655646 654170 290791 162984 422941 0 320089 885223 605806 733167 712327 464295 643011 733429 115794 81893 613773 171186 578290 640687 914786 662418 836834 722241 836677 356412 317399 132512 592466 252284 96608 486370 751952 864918 504982 413346 817231 783246 590946 488013 381657 501431 729256 745166 248680 731867 313991 590979 509539 144143 694199 331493 692809 474680 243093 175471 826553 654740 431318 766727 612501 632571
909331 712106 549205 894595 353905 750281 190471 660613 608458 535356 228522 308622 663992 767290 308077 611918 666930 438998 396126 1042331 485744 589662 195930 896488 790374 814820 859607 732106 796368 487842 277067 471573 673310 102230 401276 732814 362543 213041 857248 955576 118363 453411 199577 320089 0 874796 660828 921879 764769 320756 821723 549312 274422 269275 885859 209849 792158 417032 732635 963375 1007183 638608 900400 630135 51576 206379 854037 244681 337046 518264 918496 966108 566300 570414 623710 682356 460074 783703 149229 793045 688176 756498 566577 524210 445251 675762 630247 366946 883839 278442 851530 752665 461919 188380 869924 679450 724621 724725 640540 554711
378279 728842 665311 160737 848643 456886 1017833 474861 282887 448285 1071853 572069 905165 547229 567708 357879 470848 733526 704380 370612 469857 644117 713382 103822 414400 78495 985392 581321 846978 437189 946658 404593 847855 772851 923696 177256 587403 693320 582739 988876 975645 814729 699544 885223 874796 0 295226 557255 214473 564103 515197 493048 778113 932736 820408 764024 610703 608673 483582 990462 528174 271188 203549 768814 924424 813550 770777 675235 980335 398949 491689 318235 386168 533063 508735 274963 448549 880592 737751 865982 190639 142872 928486 552853 580937 337093 433252 750807 552202 609260 461532 801033 690484 779275 148947 233394 851144 158698 274493 331259
276727 450974 370577 243308 564497 567047 772202 534801 101686 426524 827936 355722 613540 650923 364502 64081 534609 441301 416912 387180 414187 351843 474704 263608 207385 216802 711059 319282 575104 174813 675578 224440 558910 565418 636115 286359 321891 454997 368742 731812 743982 521654 525750 605806 660828 295226 0 382583 108298 401757 300223 487253 506861 662220 571620 508342 365277 536591 580800 734838 415989 288740 241581 478352 705263 553899 520896 429243 702287 142567 339676 309639 102127 238554 546235 348020 355473 603655 548424 591805 215636 153410 633261 535336 293437 60256 143761 465746 359088 382440 278982 525273 397046 527079 221764 71122 567776 238229 53982 257990
186013 323466 408322 404418 678998 939900 969126 915237 484158 808556 1022701 661809 531245 1026888 681730 380611 914622 534909 552171 299506 793104 363069 727018 462757 175199 497860 512713 203956 387033 482586 821130 586051 464960 846166 718266 639285 563097 711733 82332 474554 969584 583483 844373 733167 921879 557255 382583 0 371046 743825 100958 869441 682170 811527 308571 722576 162862 906798 956662 473460 112990 665886 363169 419156 954314 750576 269756 678789 819554 474153 69283 281325 414937 351467 928466 719214 730368 431759 850612 410045 579555 467733 617596 916014 476662 326618 311086 599180 39119 670615 104986 364882 492864 745041 409668 436497 435398 589465 436151 640340
220509 514428 460171 135055 669775 572691 880115 557211 169147 472201 935797 457332 694240 661416 463319 169725 555667 542253 521433 298274 470724 435006 581286 160514 208801 139816 771049 367381 632713 281997 783308 311169 635463 667640 739664 268623 430160 561433 380923 777364 850637 621125 620341 712327 764769 214473 108298 371046 0 490941 311272 530391 614812 770023 610349 616493 399891 602976 591603 779304 374129 307544 135646 557510 810192 662188 560162 536458 808908 247858 313772 221544 210357 328811 576894 353480 421369 666120 646841 651583 213614 96917 725299 584205 398806 129096 225196 571060 357669 486497 267658 586563 496744 635078 114226 95556 637136 219119 126504 308242
676081 645628 483294 608665 458720 462053 490614 378590 322498 234832 538997 112813 696277 502016 84052 373409 383715 437836 382958 786620 183936 505222 219443 599847 581077 511610 867732 595321 762074 261251 484036 179802 674235 219798 537271 413372 242843 205856 700116 935523 432750 501566 135549 464295 320756 564103 401757 743825 490941 0 645298 269143 352554 470433 816022 295013 657668 197648 451738 941604 803460 318009 623084 602974 372179 342263 771875 214307 537285 273212 719019 708999 332449 425936 352965 362491 141859 768095 175555 768170 374140 459801 643335 271407 331756 437489 433019 395837 710853 141015 651945 709474 426851 297223 582788 396987 712394 409229 365284 236258
184759 267024 319752 375874 589518 865865 873680 834915 399988 721403 927790 561378 475687 950751 581696 288688 834791 444404 457393 330071 702876 275442 626578 430655 102473 447624 493670 121372 358075 384174 729958 491837 409332 745305 634229 572975 462273 611113 70066 478504 871683 499199 743876 643011 821723 515197 300223 100958 311272 645298 0 782430 586061 719789 308338 623942 108811 812349 880550 479250 193931 588434 339216 351273 854829 653453 260589 578247 732051 378102 110176 288211 319575 251543 845141 645590 638433 399359 749703 380067 508210 407215 549119 826737 376738 241139 212326 505719 65583 569724 68235 323902 400573 646346 374741 361274 389677 522945 354168 554627
748937 856517 709559 603361 726468 201046 735385 112249 385572 61027 777607 370627 942614 232896 343997 494864 118215 690155 637213 816299 93892 720573 487906 569804 694384 476716 1099210 769463 980576 432951 750586 307218 911551 460538 805706 315938 487255 474923 847942 1152614 667578 760584 351285 733429 549312 493048 487253 869441 530391 269143 782430 0 621141 737255 1013681 563915 826847 147453 185519 1157674 898267 231334 633645 834341 599336 610332 965301 482620 805211 420373 826113 744257 471573 618880 84239 219401 162362 994347 402996 990512 329346 455056 902345 59912 559346 543046 583833 657435 844165 406064 766229 926994 670621 565094 578597 442371 942839 345361 434398 229272
707071 441175 285031 749801 107562 808561 287787 728707 495404 581616 342415 255791 396433 853966 279439 445537 733426 166197 131386 853424 532323 328645 143335 768461 577835 705167 589655 482082 521946 341640 169208 399291 400141 248552 184724 680787 190721 150294 609958 682365 290752 183467 327750 115794 274422 778113 506861 682170 614812 352554 586061 621141 0 155596 613032 73896 538018 535616 801106 690042 778827 607032 743569 355977 290462 71735 583289 138537 204498 379719 691317 782372 404823 340596 705221 667666 475995 509932 293503 518797 617000 640043 312692 622529 224907 499089 426369 93366 643130 216761 628064 478586 195764 89968 728624 550612 450730 654698 508203 517195
853344 536339 403670 904933 136122 932484 176412 848237 649861 705162 221487 391053 430279 968788 409966 600529 853569 276718 265555 1002045 654359 449033 251695 924049 722430 860320 625139 607875 589889 496943 14197 546917 456925 300940 143665 829666 345572 267584 734885 730891 218512 244810 405929 81893 269275 932736 662220 811527 770023 470433 719789 737255 155596 0 695174 179817 658237 631483 921597 739244 913719 751270 897872 438219 256106 129453 674301 271299 71100 534926 827981 932603 560256 484078 819689 809244 605379 566917 359193 581047 768088 795327 318919 729021 376247 652721 576143 215118 772469 349941 767482 555988 319237 173583 883956 706096 510983 805976 663688 661001
482665 176050 344629 684212 561560 1130786 870399 1085601 659028 954300 916542 709651 298925 1209497 736513 535695 1086788 447090 491047 608056 924329 313396 712819 738750 406323 749642 209719 252768 117043 581511 700217 706659 247077 838708 566463 857419 581984 704500 247785 170293 895609 451288 876455 613773 885859 820408 571620 308571 610349 816022 308338 1013681 613032 695174 0 676507 210486 1007214 1140654 170912 410030 853365 647212 259210 903303 684064 50748 672417 676662 593860 373962 584248 547165 396479 1086924 916382 855177 158291 864182 135918 787254 702607 413602 1047590 487031 512431 439369 519703 291264 700060 371128 139261 426204 697560 682697 640904 195780 808444 621788 799751
730098 502346 339708 751139 177512 756127 264652 673572 482109 528518 320557 211262 469661 796605 230427 450621 678643 230533 186277 871856 478149 380895 76532 764265 604433 694307 661977 527501 589711 335608 193920 369998 470982 174825 249260 652565 186859 89329 654255 752729 248654 256753 256039 171186 209849 764024 508342 722576 616493 295013 623942 563915 73896 179817 676507 0 586186 469736 746639 760274 813919 572152 749127 422428 233848 51050 644218 92081 243369 372152 725481 798348 406964 373209 647388 629565 426659 579848 220003 587723 593151 630526 386325 560866 249543 509330 447238 160055 683920 170130 660116 544571 252083 22520 728542 543825 520564 631132 501818 481904
293455 163291 255454 479070 523675 930006 821445 890470 457537 766292 873707 561615 372743 1011426 585417 336169 891104 382198 406635 436298 741418 210414 601815 531858 198107 539297 385793 62840 249443 404160 667049 524108 306154 725786 558278 649383 446542 588840 80707 378176 828476 424231 740540 578290 792158 610703 365277 162862 399891 657668 108811 826847 538018 658237 210486 586186 0 838326 941814 379794 274992 651424 444261 256393 820008 608539 160296 555431 661671 408373 205646 396962 355276 234608 895700 712688 673821 290549 738811 271321 580418 492277 455017 865924 352618 305296 243166 450293 127064 562062 176926 215533 343577 608660 475624 433126 282591 600012 417093 605096
