NAME : TSP_INST
TYPE : TSP
DIMENSION : 100
EDGE_WEIGHT_TYPE : EXPLICIT
EDGE_WEIGHT_FORMAT : FULL_MATRIX
EDGE_WEIGHT_SECTION
0 807414 725915 948704 602134 479480 271625 388782 566337 121937 493872 602608 277967 145199 292331 776187 909691 445999 415969 335163 938585 207414 730566 481939 616136 571021 506691 610304 632542 576766 815967 695289 675523 696605 584287 579790 563702 316683 472138 72739 341659 822478 574399 511418 736584 613026 465508 819491 583497 653308 369499 637553 844180 734138 230984 567948 343252 751301 812658 138816 300773 660231 587670 112968 617336 428941 588727 340912 251615 575274 608537 282284 511347 686297 677066 451219 564718 871082 416823 633305 794627 525099 390705 178884 411463 317387 322827 574793 613684 135101 412589 667667 552405 162733 530872 650657 628251 467521 380475 140028
807414 0 321923 323245 467517 900855 640589 901293 529722 918948 366613 309607 828035 827356 570298 430547 232390 939540 545912 1043876 386060 741260 283819 336279 650591 360147 906141 336475 536636 545446 232709 390095 580434 447529 336800 555131 958236 877981 707301 789314 683970 314501 363942 296703 620825 644901 743706 249472 468068 344124 798114 172779 36846 495675 577546 328274 597007 222473 111426 675029 607621 467699 957299 862911 549508 390269 340692 720665 771015 779710 199009 603731 296210 463786 436077 742356 765118 119339 636695 533584 150593 627432 441767 898869 546276 981695 1003409 921371 989011 673694 809016 173842 492870 647662 373677 171804 413431 481823 699752 916171
725915 321923 0 642656 182050 987428 670711 954217 700761 847784 240819 496414 639010 688239 595789 694385 553254 1004900 340971 867638 698638 747022 545187 401252 350721 154955 1001395 531497 232840 260454 130145 627493 789552 128982 144032 268177 1061939 908636 823880 681033 749138 98013 151536 342357 300137 345725 489009 549412 649991 73569 863274 318536 337586 736674 512519 165430 660435 100922 225711 588569 445364 158131 1069682 815080 249951 432671 521998 783497 593086 923622 288571 455112 334341 147215 661802 492388 907726 441169 407225 732228 181787 355604 485317 753548 641840 796560 821119 1037435 1102914 614003 888729 195391 659225 596620 195582 352644 126724 273420 477438 794178
948704 323245 642656 0 770711 868988 711612 905460 471568 1038989 624459 346097 1049247 1011952 662843 252692 91935 925983 805257 1241009 82175 815747 219045 485541 952592 650788 863975 341190 844309 843782 553968 288608 450738 764738 629085 853895 900484 907927 671967 954266 710485 636361 656080 484870 938090 946653 1014431 131260 418101 654884 803922 383675 317566 338040 743407 613054 645643 544886 431941 838909 834186 780271 889781 968727 854636 531156 361722 742332 989244 698305 428252 822301 490245 779663 331119 1010186 687726 208522 899759 434050 473321 914601 559710 1081741 575424 1189479 1207681 853704 916398 816834 797480 468021 454569 788548 651596 351070 720932 751736 953303 1079029
602134 467517 182050 770711 0 938025 611929 887858 719006 722671 200132 549014 471029 538847 543189 769940 687052 942966 188344 698777 814636 667855 631366 411352 183246 126248 956219 582845 76513 80228 311422 691453 823699 95891 144596 89105 1018943 832565 800824 546667 702697 270734 119779 362638 194228 177489 307200 660174 679423 126684 808626 400769 491262 794416 419219 166063 621530 269136 390382 473145 303406 58215 1031322 703115 84031 420857 567460 733009 431234 910363 358723 319986 353714 84165 715709 311028 894567 584202 233499 764078 349161 173657 461720 598777 623219 626155 651161 1002514 1064144 510835 840654 303038 678796 500193 145899 437223 57119 137066 303187 647860
479480 900855 987428 868988 938025 0 326156 101510 399701 451837 757006 595483 754338 624581 396241 622684 877867 70881 787974 784559 818910 294376 678104 598631 1020970 850908 28377 575460 994861 947314 1023990 582814 434144 1016296 851668 953979 86092 170183 199741 547546 238545 1066402 856999 656812 1115570 1016349 912741 772382 458586 929124 130201 744383 933506 542883 530599 826505 327144 963263 962619 523457 695771 992064 108231 387292 986112 557652 565471 205624 718426 194868 743829 670527 663218 1013856 538056 899219 198147 901928 831819 436322 966910 930805 503092 650282 358479 786270 786092 99336 135950 468707 98733 841259 424781 464662 812353 732585 938268 807754 820272 590054
271625 640589 670711 711612 611929 326156 0 283517 295529 334331 434746 374051 494956 390397 75709 514465 688146 334912 465601 604936 689537 105214 493620 308120 700287 528412 345121 371560 669045 622339 722042 438898 403962 691395 531063 629294 408140 243058 225435 311575 98012 755228 534251 359917 790283 695403 611320 588752 318326 608665 196783 469985 676503 465629 210890 506804 72624 658542 679605 235240 382989 666260 422471 259869 660721 257515 352484 122460 445646 339553 456973 357581 364406 688376 414208 598791 325902 674761 518475 362220 675478 611874 202099 443603 144042 578599 587801 396379 454723 181855 229525 544792 284985 164783 488940 469473 613572 481902 518391 411599
388782 901293 954217 905460 887858 101510 283517 0 434687 351992 717412 605836 666199 533765 358755 667936 904370 58525 726981 685121 862698 223493 702772 581566 956128 810741 129728 590995 939725 889630 1002902 616851 491510 970989 814134 895568 178076 72501 238745 459119 217597 1038382 816422 637101 1057946 951833 835816 799251 487759 891676 104347 736945 935629 593546 471229 790104 306740 940105 952580 449032 627645 943699 204552 290511 929386 534986 577688 180819 634117 274831 730312 602948 642480 966775 576023 821974 273642 915691 762243 482388 952240 864761 479046 554862 355992 689385 688224 200583 227173 396556 110056 823065 451682 397349 770784 730012 893703 753885 744528 492463
566337 529722 700761 471568 719006 399701 295529 434687 0 625299 518917 222538 761412 674773 286159 236050 478417 454600 636486 896720 428571 384971 280234 308961 859385 601937 397444 193300 791306 759641 697987 183544 118125 770843 592725 768875 440960 443378 200840 599507 256360 758284 608863 363457 913061 853609 826334 373051 62363 661913 335012 400601 558262 172875 437031 566379 223206 646629 611285 503862 596384 760616 435441 548395 790307 301099 191737 282350 705580 250879 417334 574001 372202 775480 141341 816279 236848 510703 715884 67154 626713 784273 273904 733623 156552 864677 876132 398910 465592 459506 326046 519013 41538 434999 573721 377284 696801 620757 739302 706338
121937 918948 847784 1038989 722671 451837 334331 351992 625299 0 614802 694606 356576 222766 376173 848775 1006752 403241 535558 333173 1021834 240989 819945 587677 727072 692866 480192 697899 750483 694325 936580 772647 725332 817512 705931 696832 529609 281694 495581 179259 377481 944238 696284 622246 851135 724362 564777 912269 652438 775227 366705 747364 955792 797529 347696 689250 406172 871754 929589 259848 420026 780644 556505 77870 734651 533614 677274 364728 346248 584445 720942 402703 622967 806821 748496 550493 576631 976194 529250 690438 913058 637369 489830 216665 478250 342402 338635 551037 577860 246471 407396 784841 618504 271511 652635 757698 749830 588789 485911 146512
493872 366613 240819 624459 200132 757006 434746 717412 518917 614802 0 358271 463105 478655 361341 584079 550994 769650 182829 683817 655139 506821 455430 212161 353637 93905 772995 390636 272918 246833 322227 501825 624600 262223 97391 256715 834846 669378 607378 456933 518751 333133 100020 167934 394152 347600 390146 501805 480346 174482 630072 240801 399662 600904 273046 75886 433074 257869 335352 355109 244713 244793 845032 577224 273450 221391 373531 551539 407569 714527 196291 245036 159291 262875 521914 386375 698644 466826 276691 564913 309168 296584 265315 548534 427213 618817 641381 814571 878159 375517 658451 196826 478812 356841 56821 274007 184438 127918 335479 577901
602608 309607 496414 346097 549014 595483 374051 605836 222538 694606 358271 0 720518 670603 318826 227256 314277 638973 516468 900464 342107 479264 128882 161238 711906 423948 599044 35131 625033 604531 479225 143554 294474 583443 409481 614528 649601 592772 399139 609795 393047 543969 430746 190564 740885 705867 724249 217704 162941 468975 501504 182708 340160 245867 402520 384885 314791 431633 388824 495543 516397 581060 647970 626166 628388 194491 31133 428562 660565 470696 207849 500206 199061 591480 167881 717139 455921 309879 607766 239217 405497 650980 214805 739254 251813 852694 869518 611942 679541 471096 507167 305703 184044 442819 405257 155881 515718 480037 649473 733616
277967 828035 639010 1049247 471029 754338 494956 666199 761412 356576 463105 720518 0 135977 477321 931806 989366 723726 299924 228658 1060114 467765 845929 565547 408400 501129 780913 740265 468585 414151 756871 844776 878714 563833 522059 412511 839471 594377 717783 207147 585166 735212 501140 565917 542259 407406 222806 918681 759197 567752 637565 681863 861979 910961 328015 517809 554829 699250 795381 261185 220795 522054 862499 385853 449144 526029 718047 594516 60105 828806 641309 228254 561457 547853 841003 209446 816387 920500 238375 827023 764589 330854 515301 154984 607963 158172 182321 847312 889557 313102 680326 659923 736019 332360 471077 707518 516913 369326 171529 224857
145199 827356 688239 1011952 538847 624581 390397 533765 674773 222766 478655 670603 135977 0 389265 866334 961758 590719 352052 229923 1012570 345800 799219 528265 514449 538245 651699 684878 553332 496858 794317 781399 789161 634658 555930 497626 708897 461517 605461 80570 472801 786243 539985 542814 643565 512355 343537 880763 681969 614754 512457 666927 863159 834817 268621 545378 457049 732250 812815 176593 242914 594760 732792 250182 535642 480810 662577 477189 125608 712741 631071 235529 540355 621232 770514 329342 701313 906949 322649 741744 787824 428039 456570 71619 518323 189907 202455 719468 758882 215292 555530 670139 654640 240635 501912 686995 575768 415805 270125 109509
292331 570298 595789 662843 543189 396241 75709 358755 286159 376173 361341 318826 477321 389265 0 484230 632249 409178 406793 614012 647939 170968 443799 235374 641733 455209 413384 321878 603113 558532 646389 402965 402227 620072 457026 565989 475915 318453 269689 315881 159510 679703 461192 285390 725409 636604 568228 536306 294008 534640 268731 398506 606552 446443 163656 432443 86165 582842 605587 217910 335928 596394 488180 307467 595932 183420 301121 190621 423190 384486 383368 311142 289578 617845 385695 556514 369621 610731 468163 352862 600543 555603 128988 450251 130786 579110 591283 459902 520964 174123 298079 469633 265514 148918 416280 400351 542030 416447 476580 429967
776187 430547 694385 252692 769940 622684 514465 667936 236050 848775 584079 227256 931806 866334 484230 0 288259 682946 743346 1094841 196225 612202 151161 386889 937311 643802 615711 198423 846398 829101 647916 87481 198051 795017 627245 839188 649529 679370 430091 797575 490325 723218 650405 417182 958805 931254 950222 197166 196718 679084 570216 377985 446579 85531 605475 604098 442760 613917 536069 689904 736879 797357 637935 773607 851081 412195 219141 517908 872629 446565 415021 718878 425485 805105 100309 942726 436528 362596 833971 186668 566032 878063 416507 931187 370546 1053885 1068474 602051 664096 655061 558217 499043 231953 627811 628727 342505 732321 707101 873274 914188
909691 232390 553254 91935 687052 877867 688146 904370 478417 1006752 550994 314277 989366 961758 632249 288259 0 930280 733434 1188868 165047 793328 201607 433730 869794 569773 875804 318726 759554 761750 462220 297408 480153 676785 547489 771775 917374 899477 678335 908870 699603 544652 574734 423672 850290 863916 940781 105529 419509 568686 800832 311742 225649 371898 694940 533105 626834 454650 340248 792442 771143 693871 909419 939704 770669 483476 336262 733522 929761 719143 355451 761215 427923 692189 345210 937321 707133 116588 827622 452635 381933 835966 519094 1032564 560013 1134109 1153381 872922 937858 775608 799320 384076 454293 747480 573690 282619 635883 676753 884049 1035327
445999 939540 1004900 925983 942966 70881 334912 58525 454600 403241 769650 638973 723726 590719 409178 682946 930280 0 784049 736163 878939 281081 729234 626073 1013863 863271 94142 621638 995904 946250 1049674 638112 498456 1025021 865928 952319 128103 129349 254035 516774 260363 1087524 869072 682749 1114641 1009526 894342 824790 511092 943539 143759 778153 973203 605076 527688 841538 350770 987522 995192 507419 685609 998441 156422 345299 985857 581363 609853 224096 692291 264560 773887 660834 688512 1021234 594971 880499 266786 947952 820412 496289 996625 922606 525677 609786 393338 743113 741099 160221 174917 454727 131940 868560 475989 454963 823644 769206 947484 809667 803038 545922
415969 545912 340971 805257 188344 787974 465601 726981 636486 535558 182829 516468 299924 352052 406793 743346 733434 784049 0 527921 832026 503645 626184 356785 235061 201901 808896 545216 218520 164635 456948 657547 751062 284123 223567 169553 871997 666441 675837 358605 562100 438294 201538 330750 331702 230032 210265 680351 610736 268667 657840 422291 577469 747426 257422 222482 491754 399733 500622 292411 115551 245730 887596 520088 205265 341247 525373 587898 252147 789957 378120 134205 323451 272105 669513 205134 774756 649192 94508 692306 467453 149986 362751 414498 511933 458081 482203 861980 919515 336075 693933 372838 600301 330445 175323 454187 223953 69497 153843 460496
335163 1043876 867638 1241009 698777 784559 604936 685121 896720 333173 683817 900464 228658 229923 614012 1094841 1188868 736163 527921 0 1242472 540123 1029012 756286 618562 728155 812871 914765 691581 638678 984676 1010444 1008482 790523 748558 636152 862777 614392 805605 298137 676426 963865 728465 767221 753403 618637 425997 1109761 907955 796210 691444 889141 1078836 1060449 498188 742799 675145 926212 1018591 406142 439123 748540 889659 399417 671644 709929 892471 673453 277679 904859 851192 440473 764082 774001 998138 415135 895304 1129476 465386 963874 989465 550325 686490 163837 740365 73982 48723 883564 910930 440456 733680 879947 879221 467242 696593 911301 745445 597100 396492 199477
938585 386060 698638 82175 814636 818910 689537 862698 428571 1021834 655139 342107 1060114 1012570 647939 196225 165047 878939 832026 1242472 0 791520 214365 494871 994153 691465 811775 329025 889719 884628 618736 252535 390948 816739 670841 894825 844467 871025 625638 950384 677552 700531 697201 503933 989078 988139 1042260 154697 381294 704033 763575 417456 385564 278234 744626 652558 620445 603679 496992 837076 850145 829037 831938 949098 898621 535187 351054 707282 1000023 641039 461718 836142 510383 830580 287632 1036994 631569 278329 926249 382793 536518 949888 556184 1080881 548558 1194640 1211599 796363 857183 810025 753310 515349 417929 781886 687814 382249 767555 783052 975808 1072632
207414 741260 747022 815747 667855 294376 105214 223493 384971 240989 506821 479264 467765 345800 170968 612202 793328 281081 503645 540123 791520 0 598238 406077 732781 598411 318973 476370 717461 666728 808887 539712 484567 753533 604212 672504 380451 164730 265486 265518 138458 835803 603671 454299 834905 728448 618380 693665 415496 681000 170607 569422 777491 557622 249135 581618 171076 744402 774613 229145 404700 724474 400706 163578 706672 353398 457515 133600 427349 368046 553229 379834 457856 748215 511993 604845 357331 779035 539935 449654 767577 641554 299802 386297 243113 524763 530068 382071 430110 174823 212928 636197 380534 173892 557652 571088 677164 532590 525995 341198
730566 283819 545187 219045 631366 678104 493620 702772 280234 819945 455430 128882 845929 799219 443799 151161 201607 729234 626184 1029012 214365 598238 0 281238 804483 505302 677176 122302 707802 695144 496903 110019 303257 649698 487104 705337 721111 698531 478366 738669 498988 572067 511644 295519 816539 798417 836132 97005 219647 533822 599231 232536 303694 211941 530886 465491 429238 463002 386461 624380 637467 654707 714884 749868 714058 320835 142679 532481 785854 526957 272810 622778 302733 660783 158735 830056 513986 235343 719575 264250 415279 752007 343687 868043 360593 980457 997598 678317 744409 599702 598016 350317 253527 571440 494758 196174 590317 582194 766049 862316
481939 336279 401252 485541 411352 598631 308120 581566 308961 587677 212161 161238 565547 528265 235374 386889 433730 626073 356785 756286 494871 406077 281238 0 561881 292977 609546 188533 485009 457545 425375 300779 412493 462271 284239 467205 668003 549843 424331 475821 365715 471346 299902 59348 605579 555923 563418 354375 268217 355531 482319 163679 372855 393028 261315 257788 275376 365278 372047 359233 356543 451709 673408 528266 485512 54334 168603 402135 505442 522370 149231 341542 66976 466570 314356 556115 506475 389268 447093 352825 370735 495347 106395 598905 243465 703939 722247 640017 706530 346840 501297 242810 268169 319363 265553 170098 387846 325364 488271 602801
616136 650591 350721 952592 183246 1020970 700287 956128 859385 727072 353637 711906 408400 514449 641733 937311 869794 1013863 235061 618562 994153 732781 804483 561881 0 302706 1042487 744180 117892 109639 479914 855458 970521 227649 323738 99424 1105531 892874 910395 548727 797055 423234 297059 521508 134911 6068 192614 839463 827309 307658 891074 577629 673703 953811 490776 341667 726398 446246 570054 511002 329034 192718 1121718 727118 101930 558715 726730 822402 390278 1024174 534195 353354 512909 207929 874842 203546 1008868 767448 199489 910985 527636 92007 588737 558531 743413 544783 569893 1096579 1153428 560470 927924 485729 821220 558912 309760 613666 237585 238680 244481 621317
571021 360147 154955 650788 126248 850908 528412 810741 601937 692866 93905 423948 501129 538245 455209 643802 569773 863271 201901 728155 691465 598411 505302 292977 302706 0 866834 458104 202761 193299 257282 565847 703162 170732 23443 203473 928622 761699 699588 527211 612626 251666 6939 240581 317003 296700 385103 536784 559197 83584 723933 275590 388193 669701 359159 39830 526675 198134 301452 433618 295878 159086 938612 660531 208846 310294 443416 645444 450818 805457 232930 303284 231646 173729 591226 384772 789543 472407 283888 643782 266356 267860 357107 605341 518590 659260 683118 907948 971760 459857 752344 188007 561074 443302 41177 311895 94878 132532 351443 642542
506691 906141 1001395 863975 956219 28377 345121 129728 397444 480192 772995 599044 780913 651699 413384 615711 875804 94142 808896 812871 811775 318973 677176 609546 1042487 866834 0 577656 1014160 967263 1034795 579505 424245 1033218 866947 974089 63112 198520 200377 574322 254356 1078936 873013 668160 1135336 1037795 936993 770487 457560 944242 151638 752217 938258 534543 551770 841556 341112 974706 970615 547715 718403 1009756 81858 415394 1005793 570187 568666 223234 744310 179368 753274 693087 674805 1031210 533780 923548 184626 903491 854576 430183 976129 952677 516276 678113 367510 814282 814234 70965 111512 492674 115638 851663 424745 487702 828696 739148 955117 827019 844354 618187
610304 336475 531497 341190 582845 575460 371560 590995 193300 697899 390636 35131 740265 684878 321878 198423 318726 621638 545216 914765 329025 476370 122302 188533 744180 458104 577656 0 658714 637264 512700 112421 259946 618323 443958 647217 626488 581881 377290 621478 381773 578311 464926 222703 775100 738153 751799 217341 132115 503981 486738 217009 365522 211612 418304 419193 308323 465971 419842 508802 540080 615561 623674 627585 661739 215769 22352 416386 680540 443380 242945 522915 231367 626220 133219 744319 428919 326612 635569 205459 437983 681739 228452 752532 241451 869045 885178 587420 654821 481012 489703 340415 156774 452864 438596 188904 550231 510942 675250 743653
632542 536636 232840 844309 76513 994861 669045 939725 791306 750483 272918 625033 468585 553332 603113 846398 759554 995904 218520 691581 889719 717461 707802 485009 117892 202761 1014160 658714 0 56547 362212 767672 897494 112387 220822 56259 1077151 881500 865342 571782 762248 308039 196283 437755 123323 112892 277771 735440 753225 192530 864848 476915 558416 870204 468547 242575 683928 328762 453032 510914 332048 75015 1090741 738223 20427 491526 643042 791131 436963 976364 435093 352370 428859 92800 791412 284798 960668 654549 232805 837815 410309 142971 529695 607586 690121 617814 643101 1062985 1123295 553519 898542 376290 751465 546048 220606 513405 123712 187143 297057 662790
576766 545446 260454 843782 80228 947314 622339 889630 759641 694325 246833 604531 414151 496858 558532 829101 761750 946250 164635 638678 884628 666728 695144 457545 109639 193299 967263 637264 56547 0 390418 747994 868639 154756 214698 10216 1030345 830206 823691 515496 716877 344897 187792 414639 168436 103597 232457 729932 724760 206810 817139 467992 570102 847736 418569 232084 640937 349344 470441 456760 276675 112929 1044712 683101 40750 458586 620348 744734 381091 935925 424567 297605 405922 136772 768746 237845 920357 661113 177107 808962 429362 96592 492905 551555 651336 565132 590377 1017724 1077050 500634 851784 377990 720611 494285 200671 504028 137309 142990 242831 606332
815967 232709 130145 553968 311422 1023990 722042 1002902 697987 936580 322227 479225 756871 794317 646389 647916 462220 1049674 456948 984676 618736 808887 496903 425375 479914 257282 1034795 512700 362212 390418 0 593126 771782 254352 238480 398254 1092758 964679 846181 778303 789633 82489 256479 367354 417663 475050 617425 479445 641193 191828 906052 297497 237056 702726 591650 249957 699216 65158 122063 677158 552751 287228 1097157 896115 379750 468317 508494 825623 707750 936469 284460 558821 361282 273615 633781 620225 920883 345951 530647 718157 83187 485072 524092 862128 667802 915017 939146 1063084 1130130 694675 926471 183500 657295 673941 292406 323841 255078 387609 600432 897024
695289 390095 627493 288608 691453 582814 438898 616851 183544 772647 501825 143554 844776 781399 402965 87481 297408 638112 657547 1010444 252535 539712 110019 300779 855458 565847 579505 112421 767672 747994 593126 0 193241 721888 550465 758007 620031 620686 384371 713910 425419 664622 572575 334081 882331 849419 863681 193247 129987 606429 515499 308957 412067 109907 519006 526452 368767 553265 488298 604825 649439 721677 612051 698766 771436 324785 132355 455879 785499 422138 342083 631398 342605 730908 49153 856021 409888 344846 747595 156428 513576 793997 329570 847027 296599 968271 983240 575540 640674 571622 509008 432727 166663 544071 548408 275466 656377 623132 786122 832233
675523 580434 789552 450738 823699 434144 403962 491510 118125 725332 624600 294474 878714 789161 402227 198051 480153 498456 751062 1008482 390948 484567 303257 412493 970521 703162 424245 259946 897494 868639 771782 193241 0 869285 691907 878100 453852 515084 254538 712654 348540 838250 710097 462595 1017884 964668 943408 380463 144285 757258 402271 476954 604051 113055 555072 666012 333369 725913 673901 620133 714098 862236 440991 647591 897719 412087 267629 367206 823234 250276 501356 691882 471525 875406 145043 933529 241414 537584 832155 59703 695368 897691 389641 846199 271556 978898 989579 405448 466492 574285 381974 600168 150870 550550 677810 448097 797515 731949 856914 815400
696605 447529 128982 764738 95891 1016296 691395 970989 770843 817512 262223 583443 563833 634658 620072 795017 676785 1025021 284123 790523 816739 753533 649698 462271 227649 170732 1033218 618323 112387 154756 254352 721888 869285 0 178118 159679 1095451 918137 869557 642121 778886 195881 163979 407722 173512 223186 386566 664697 726041 115966 887998 417518 465223 828695 506678 204500 694579 229432 354535 565885 398906 42109 1106354 796091 131959 481023 605523 810689 525871 976045 380293 414867 398887 19740 751291 392423 960137 566822 325490 810301 310701 250511 527263 694136 688990 717387 742536 1076301 1139413 601374 918116 302752 729720 589142 205545 453630 78133 229468 394050 743721
584287 336800 144032 629085 144596 851668 531063 814134 592725 705931 97391 409481 522059 555930 457026 627245 547489 865928 223567 748558 670841 604212 487104 284239 323738 23443 866947 443958 220822 214698 238480 550465 691907 178118 0 224818 928378 766676 696458 542445 613148 238536 27365 229741 331892 317765 408527 516229 548341 77617 725608 256173 364757 655345 368523 26528 526109 177807 278519 446221 314320 171604 937678 671523 228174 305378 430003 646562 471000 800881 214318 320518 220878 183499 577176 408147 784951 449388 306824 632747 244022 290977 354218 623652 514815 680099 703819 906518 970875 470211 752977 165000 551612 452605 54233 292632 106289 154490 374043 659301
579790 555131 268177 853895 89105 953979 629294 895568 768875 696832 256715 614528 412511 497626 565989 839188 771775 952319 169553 636152 894825 672504 705337 467205 99424 203473 974089 647217 56259 10216 398254 758007 878100 159679 224818 0 1037183 835740 831620 517823 724109 351396 197943 424567 162401 93383 226914 740130 734274 215788 823786 478207 579618 857614 424719 242287 648674 357999 479482 461095 280273 118260 1051733 686698 38065 467790 630245 751725 380748 944034 434783 301667 415861 141229 778623 232796 928489 670943 176579 818432 438232 90844 501660 551412 659759 562484 587754 1024921 1084017 505612 858664 387958 729927 499749 210825 514244 146024 151180 241008 607031
563702 958236 1061939 900484 1018943 86092 408140 178076 440960 529609 834846 649601 839471 708897 475915 649529 917374 128103 871997 862777 844467 380451 721111 668003 1105531 928622 63112 626488 1077151 1030345 1092758 620031 453852 1095451 928378 1037183 0 250125 251007 632480 316614 1138372 934845 726907 1198394 1100850 998795 812596 502438 1005552 214536 807475 989641 566236 614842 902863 402280 1033277 1025796 609499 781142 1072305 29121 468378 1068844 629999 618857 286092 804191 203589 810184 755852 733744 1093627 572939 985284 213002 950596 917275 466919 1032594 1015653 576627 732459 424957 867395 866297 51085 50094 554675 178616 909386 471310 550246 890705 793017 1017331 890014 906289 670529
316683 877981 908636 907927 832565 170183 243058 72501 443378 281694 669378 592772 594377 461517 318453 679370 899477 129349 666441 614392 871025 164730 698531 549843 892874 761699 198520 581881 881500 830206 964679 620686 515084 918137 766676 835740 250125 0 261285 387446 200114 995619 767099 602769 998083 888747 767417 795533 490712 843825 113010 709711 913233 610152 413639 743504 281529 900892 921847 383146 563859 889205 276025 218253 870342 500266 566454 166067 563371 321625 699037 539573 607390 912924 583451 753470 317434 901557 697222 497776 918451 801146 444555 482458 341078 617306 616501 269343 299484 332407 142024 787845 454024 336005 721148 706183 841603 697133 676783 420578
472138 707301 823880 671967 800824 199741 225435 238745 200840 495581 607378 399139 717783 605461 269689 430091 678335 254035 675837 805605 625638 265486 478366 424331 910395 699588 200377 377290 865342 823691 846181 384371 254538 869557 696458 831620 251007 261285 0 524993 132920 895583 706150 483674 988504 905166 834554 572821 258905 772222 148274 557503 738908 354802 430418 670255 184093 788234 775577 460070 603744 850706 251914 418476 859765 391951 368593 132443 670169 115111 562263 578592 491081 869992 340936 822334 100792 703179 737363 243911 783633 825067 342493 650707 182121 788772 794951 217121 284544 405650 128689 662706 225076 390097 664155 542217 791806 680753 741978 606558
72739 789314 681033 954266 546667 547546 311575 459119 599507 179259 456933 609795 207147 80570 315881 797575 908870 516774 358605 298137 950384 265518 738669 475821 548727 527211 574322 621478 571782 515496 778303 713910 712654 642121 542445 517823 632480 387446 524993 0 392421 778601 529934 497453 671923 545869 393584 823594 609821 607678 433117 623460 825733 762323 215005 528468 379613 714505 784927 116604 243261 604299 655760 185154 555707 425421 599362 396629 178877 632184 590729 228163 496122 630634 700337 379276 620744 861405 350281 666630 763568 458525 395018 134385 442975 267034 276926 641365 682554 142550 476131 640329 581193 169844 488320 640309 576953 415191 310052 127441
341659 683970 749138 710485 702697 238545 98012 217597 256360 377481 518751 393047 585166 472801 159510 490325 699603 260363 562100 676426 677552 138458 498988 365715 797055 612626 254356 381773 762248 716877 789633 425419 348540 778886 613148 724109 316614 200114 132920 392421 0 829295 618769 422489 884250 792096 708977 595980 296329 690587 116605 519421 718514 428697 308716 587961 90445 727846 735544 328844 481001 755761 328691 299619 754695 321509 366416 36782 538322 244290 513753 455592 428366 777016 391638 696356 231407 702400 616440 317980 736328 709158 266142 519508 141236 657141 664019 300862 361455 273850 139831 608225 259809 259935 574360 512530 700777 575336 615976 478343
822478 314501 98013 636361 270734 1066402 755228 1038382 758284 944238 333133 543969 735212 786243 679703 723218 544652 1087524 438294 963865 700531 835803 572067 471346 423234 251666 1078936 578311 308039 344897 82489 664622 838250 195881 238536 351396 1138372 995619 895583 778601 829295 0 248700 412062 346627 418899 576841 559531 703694 171564 944753 361309 319545 774517 606117 257270 739495 112341 204420 684659 543375 234301 1144517 909832 327194 508818 572048 864481 690232 990650 340984 553045 404909 215611 703366 581314 974881 428428 501314 783050 164051 441439 563388 851425 714700 892345 917042 1111316 1177678 708310 968031 239355 717055 689973 291608 391071 219171 371196 571536 892170
574399 363942 151536 656080 119779 856999 534251 816422 608863 696284 100020 430746 501140 539985 461192 650405 574734 869072 201538 728465 697201 603671 511644 299902 297059 6939 873013 464926 196283 187792 256479 572575 710097 163979 27365 197943 934845 767099 706150 529934 618769 248700 0 247514 310175 291066 382188 542538 566134 79337 729899 281642 391607 676516 363703 46320 532971 198199 303456 437242 297378 152148 944922 664561 202637 317047 450280 651500 451315 812143 239151 305326 238579 166837 598060 382094 796230 476740 282142 650719 267739 263679 363685 606780 525225 659303 683247 914318 978062 464106 758459 192360 568005 447824 46044 317991 87963 132052 350095 644653
511418 296703 342357 484870 362638 656812 359917 637101 363457 622246 167934 190564 565917 542814 285390 417182 423672 682749 330750 767221 503933 454299 295519 59348 521508 240581 668160 222703 437755 414639 367354 334081 462595 407722 229741 424567 726907 602769 483674 497453 422489 412062 247514 0 556328 515477 540613 355754 318740 298696 539025 126328 333546 433236 283202 203619 332044 306552 320374 381599 349331 399643 732560 567105 439890 102530 205798 458654 506194 581372 99935 338044 8944 413098 354274 534582 565491 364487 424060 403265 315755 460995 158423 614283 302657 710866 730546 699260 765699 377211 559142 185969 322184 350999 217150 144226 334960 290062 471883 624878
736584 620825 300137 938090 194228 1115570 790283 1057946 913061 851135 394152 740885 542259 643565 725409 958805 850290 1114641 331702 753403 989078 834905 816539 605579 134911 317003 1135336 775100 123323 168436 417663 882331 1017884 173512 331892 162401 1198394 998083 988504 671923 884250 346627 310175 556328 0 135216 327409 836296 873617 285271 985419 584076 637674 986685 586980 356023 806778 401050 525407 621988 439964 161835 1212458 845327 129580 614062 760342 912588 521049 1099662 544353 462314 547389 158572 908229 338455 1083972 740153 322353 958276 481332 215526 652912 690705 813439 679658 704749 1185095 1244892 667527 1019794 473985 872943 662079 340079 620552 226515 308965 375379 751656
613026 644901 345725 946653 177489 1016349 695403 951833 853609 724362 347600 705867 407406 512355 636604 931254 863916 1009526 230032 618637 988139 728448 798417 555923 6068 296700 1037795 738153 112892 103597 475050 849419 964668 223186 317765 93383 1100850 888747 905166 545869 792096 418899 291066 515477 135216 0 192868 833448 821426 302119 886417 571589 668109 947812 486049 335641 721193 440979 564677 507095 324965 187823 1116954 723842 96563 552898 720717 817561 388437 1018890 528146 349185 506875 203453 868841 203512 1003570 761687 196245 905125 522323 88335 583083 557046 737932 544805 569947 1091726 1148697 556342 923172 479859 815409 554564 303692 607621 232010 232877 242570 619460
465508 743706 489009 1014431 307200 912741 611320 835816 826334 564777 390146 724249 222806 343537 568228 950222 940781 894342 210265 425997 1042260 618380 836132 563418 192614 385103 936993 751799 277771 232457 617425 863681 943408 386566 408527 226914 998795 767417 834554 393584 708977 576841 382188 540613 327409 192868 0 890328 807317 427256 786503 630884 772888 949416 404837 415434 654041 570067 684402 389303 232764 345135 1018472 578457 257347 541963 731332 727808 218561 949576 586425 257171 533461 367927 872610 14321 935322 852047 116639 886046 646392 136070 554396 377095 688533 352287 377353 997741 1048345 444385 826919 569997 792939 451644 370613 663524 362523 264301 93103 444558
819491 249472 549412 131260 660174 772382 588752 799251 373051 912269 501805 217704 918681 880763 536306 197166 105529 824790 680351 1109761 154697 693665 97005 354375 839463 536784 770487 217341 735440 729932 479445 193247 380463 664697 516229 740130 812596 795533 572821 823594 595980 559531 542538 355754 836296 833448 890328 0 313980 551036 695888 262979 258389 276326 612262 497862 525444 457493 360270 708019 704666 675666 805109 843369 744124 399954 236367 629480 858635 615384 307377 692211 361542 678016 241745 885483 603086 166076 774787 349380 396276 795702 429563 950639 457328 1058289 1076440 768575 833879 686909 693910 362316 348802 658633 533336 228130 613650 629687 826342 948731
583497 468068 649991 418101 679423 458586 318326 487759 62363 652438 480346 162941 759197 681969 294008 196718 419509 511092 610736 907955 381294 415496 219647 268217 827309 559197 457560 132115 753225 724760 641193 129987 144285 726041 548341 734274 502438 490712 258905 609821 296329 703694 566134 318740 873617 821426 807317 313980 0 614886 385828 343786 496242 152881 431452 522322 246273 591600 551532 507312 581347 718282 497444 577003 753546 269985 132836 326130 701674 313203 363595 560357 327652 731793 96512 798037 299209 448598 694290 84665 568349 755964 253444 744150 174284 871342 884366 460941 527762 467649 380811 464407 36706 441436 533539 318675 653695 588979 723105 722627
653308 344124 73569 654884 126684 929124 608665 891676 661913 775227 174482 468975 567752 614754 534640 679084 568686 943539 268667 796210 704033 681000 533822 355531 307658 83584 944242 503981 192530 206810 191828 606429 757258 115966 77617 215788 1005552 843825 772222 607678 690587 171564 79337 298696 285271 302119 427256 551036 614886 0 803201 301561 366165 713685 442736 102691 603276 143406 263702 516423 371856 125394 1014585 743897 205954 380449 491897 724101 520777 875424 264542 381553 290081 127371 636649 429438 859491 462257 338927 698684 222603 297630 430511 680280 590285 725632 750032 983203 1047796 543388 830418 188749 620524 526881 124751 337708 70210 200471 408842 720611
369499 798114 863274 803922 808626 130201 196783 104347 335012 366705 630072 501504 637565 512457 268731 570216 800832 143759 657840 691444 763575 170607 599231 482319 891074 723933 151638 486738 864848 817139 906052 515499 402271 887998 725608 823786 214536 113010 148274 433117 116605 944753 729899 539025 985419 886417 786503 695888 385828 803201 0 635170 832218 498942 400515 700830 207015 844064 851801 397552 566787 863042 232289 293247 855985 437789 473344 80442 597943 218382 630247 541462 544833 885127 476105 773172 211735 811350 702976 386750 852906 801122 382209 546273 252156 684483 687160 211727 263050 342161 43099 724809 349448 336283 684880 627168 810094 677780 693682 492651
637553 172779 318536 383675 400769 744383 469985 736945 400601 747364 240801 182708 681863 666927 398506 377985 311742 778153 422291 889141 417456 569422 232536 163679 577629 275590 752217 217009 476915 467992 297497 308957 476954 417518 256173 478207 807475 709711 557503 623460 519421 361309 281642 126328 584076 571589 630884 262979 343786 301561 635170 0 209485 418235 409486 236131 430574 248968 218404 507811 461922 422242 809413 690354 484208 217524 211290 556197 622912 641943 44632 453832 127341 428314 344183 626866 626565 240357 516692 421900 227474 532815 269637 738517 386124 830642 851092 774392 841963 503093 649633 124251 360092 476587 270369 36541 358054 368128 572323 750839
844180 36846 337586 317566 491262 933506 676503 935629 558262 955792 399662 340160 861979 863159 606552 446579 225649 973203 577469 1078836 385564 777491 303694 372855 673703 388193 938258 365522 558416 570102 237056 412067 604051 465223 364757 579618 989641 913233 738908 825733 718514 319545 391607 333546 637674 668109 772888 258389 496242 366165 832218 209485 0 515346 614217 357913 632026 236783 115752 711606 641856 487848 988114 899712 572111 426909 371083 755157 805292 808835 235702 638489 333026 482215 459136 771957 794431 109095 667346 559043 158950 654259 478159 934630 580170 1016179 1038056 952050 1019615 710510 842365 204633 522275 684498 403989 207214 436121 512418 731272 952506
734138 495675 736674 338040 794416 542883 465629 593546 172875 797529 600904 245867 910961 834817 446443 85531 371898 605076 747426 1060449 278234 557622 211941 393028 953811 669701 534543 211612 870204 847736 702726 109907 113055 828695 655345 857614 566236 610152 354802 762323 428697 774517 676516 433236 986685 947812 949416 276326 152881 713685 498942 418235 515346 0 582964 630724 393005 663169 596456 660166 727674 826914 553865 720883 872962 407527 227438 453106 853021 362819 450040 707687 442027 837097 78993 940849 353376 438938 834616 112394 622771 888316 400229 896693 322812 1024222 1037191 518194 579536 620327 483491 542241 181766 594244 649893 385155 761570 718348 867887 873727
230984 577546 512519 743407 419219 530599 210890 471229 437031 347696 273046 402520 328015 268621 163656 605475 694940 527688 257422 498188 744626 249135 530886 261315 490776 359159 551770 418304 468547 418569 591650 519006 555072 506678 368523 424719 614842 413639 430418 215005 308716 606117 363703 283202 586980 486049 404837 612262 431452 442736 400515 409486 614217 582964 0 348857 249228 526547 582151 98568 173332 476258 630967 304631 458191 212392 395952 332137 270222 545528 378537 148187 282357 500445 513289 392987 531049 646556 307878 501431 565416 401503 190124 338410 288705 450742 467102 606246 662652 103025 437159 437272 409396 84150 317985 425431 431547 283495 312958 342364
567948 328274 165430 613054 166063 826505 506804 790104 566379 689250 75886 384885 517809 545378 432443 604098 533105 841538 222482 742799 652558 581618 465491 257788 341667 39830 841556 419193 242575 232084 249957 526452 666012 204500 26528 242287 902863 743504 670255 528468 587961 257270 46320 203619 356023 335641 415434 497862 522322 102691 700830 236131 357913 630724 348857 0 500586 186944 278366 429405 305706 196726 911956 652826 248607 278987 404871 621587 465148 774461 193234 309933 194732 209480 552383 414160 758530 438098 309830 606786 246828 303027 328155 614020 488529 675412 698782 880666 945163 451183 727789 154614 525301 432707 47176 272352 131621 155196 375260 647221
343252 597007 660435 645643 621530 327144 72624 306740 223206 406172 433074 314791 554829 457049 86165 442760 626834 350770 491754 675145 620445 171076 429238 275376 726398 526675 341112 308323 683928 640937 699216 368767 333369 694579 526109 648674 402280 281529 184093 379613 90445 739495 532971 332044 806778 721193 654041 525444 246273 603276 207015 430574 632026 393005 249228 500586 0 637534 645843 293651 421955 673174 411958 330870 677613 231222 290672 126760 502737 298581 423708 397085 337939 693618 342452 642215 283615 621331 554315 290079 646070 640987 176115 512877 72339 646348 656494 381747 445092 243831 228587 517794 212532 222533 489279 425240 616465 498226 562144 483279
