NAME : TSP_INST
TYPE : TSP
DIMENSION : 100
EDGE_WEIGHT_TYPE : EXPLICIT
EDGE_WEIGHT_FORMAT : FULL_MATRIX
EDGE_WEIGHT_SECTION
0 252381 556003 375305 714841 381476 171331 564504 622463 612546 421043 472797 674891 717704 346182 574253 307331 435485 784346 289685 382609 275949 706764 169314 362751 265346 335122 107245 271213 328986 316536 557449 410696 175859 559682 327009 326132 320020 48943 706828 500582 302547 690889 850863 423886 598830 258288 304710 597251 232206 623119 621434 505283 541701 728150 752817 30736 730349 321656 154116 734328 596309 420484 369355 576510 788026 323085 172138 616916 228144 341530 663797 634365 187039 315024 359874 446716 275111 664763 427384 557986 432953 376387 768014 725088 556272 551703 637429 404464 615102 585775 387806 489148 544377 313939 807203 173719 239536 424139 259197
252381 0 668381 615032 898555 614474 139523 766974 868590 822865 500528 378283 902790 766742 222330 502608 502510 650726 914922 332078 634926 525430 814360 239304 612008 517530 577323 168597 490879 577188 150006 671510 662188 80281 754541 215334 405687 402955 247825 929201 745624 548699 721378 1006494 464728 722864 104802 541891 557925 211739 875338 536487 744397 533557 663713 954554 243078 887941 507064 110633 952657 838095 664952 489846 694450 935394 205242 228012 613155 208268 454715 914251 756332 314194 473788 581097 691841 306524 910072 376254 573921 659168 216852 992877 928700 806368 782831 792493 535456 636936 503894 227433 474045 516641 566319 962267 368107 50593 427773 392018
556003 668381 0 434305 314781 745390 533491 299556 588459 356680 172193 460479 483834 221980 518357 426833 295255 322820 247469 338015 575874 494563 151163 438810 507471 563614 680019 636941 715859 489139 805915 5116 557987 607873 266689 847976 262696 265528 604816 473933 512660 642152 242025 354068 231796 59490 745838 417501 363163 774942 697667 467479 466920 290281 467391 410818 586594 248706 270487 647126 472085 532299 477796 188082 28235 278177 840680 724691 289268 461295 220003 812714 88898 378751 247122 767384 491913 363707 871721 389639 237285 801835 875098 530850 398128 744500 434991 167749 152158 230784 450717 566859 309995 331777 561002 311956 692235 697247 296299 798061
375305 615032 434305 0 413460 335011 493554 248835 257032 272615 423273 669408 304503 654765 614098 715823 183268 126323 570137 437977 143795 118403 548549 413710 76667 182428 274898 481977 354961 75054 691369 432072 123931 534755 262744 694035 396342 390597 404985 341718 134690 245749 663190 583637 481690 440008 633593 73458 692578 590355 304464 767271 130090 613755 825883 415756 397448 475852 203652 528161 373410 223067 58392 339004 436808 543292 691695 521718 659080 488316 346998 397692 468599 346095 263065 372404 84414 447929 444443 595435 591271 385755 748810 398937 386925 315211 180777 406718 327947 621190 736475 669169 589831 640963 151767 546134 400058 611590 530642 503358
714841 898555 314781 413460 0 742468 759219 164862 408439 156148 459615 765572 245947 474917 795819 741393 408104 297560 227209 597576 540937 524859 294301 659621 484187 594217 686030 816659 767163 488436 1015156 309666 505348 825161 158127 1039280 520791 520258 757919 211552 400622 658932 521987 178591 530474 263098 953450 450009 677296 946963 544361 782213 350541 605041 773555 102838 743938 113131 396944 845676 191488 358099 419703 424753 290283 168209 1034260 884066 598963 708057 458927 671544 256572 584422 424787 784200 415571 620973 750459 690572 551499 787969 1081283 248189 102015 642254 284140 148207 378478 536952 765299 849290 621517 646419 564816 151041 795102 914710 597595 902997
381476 614474 745390 335011 742468 0 552679 580160 438574 592067 682578 836106 577823 956166 724412 920471 453408 460976 904374 618458 202244 250829 874143 527006 259871 183791 65640 445923 128334 264369 614810 744200 240765 548157 596871 580503 616289 609372 369191 624527 361663 105298 951573 916426 719080 762119 575938 329112 923361 477743 358196 971022 403241 853300 1059927 727379 378394 810692 478801 504068 661125 449321 323078 602420 753558 878218 583422 416804 916110 599103 593467 335315 793484 499711 520566 57714 330688 614413 305631 777810 849167 58541 647635 665397 699451 235532 473163 740656 611435 893370 936153 768571 812388 868664 187144 880047 253131 584775 745739 296771
171331 139523 533491 493554 759219 552679 0 629831 750158 686909 369359 319055 771681 648491 178267 432905 366607 517297 778768 203178 534088 416945 681522 99781 501197 423841 504688 153491 441234 465308 272802 536376 556073 75535 616395 321348 271793 268348 194170 795925 627083 470411 608767 867813 342813 586638 213864 420157 472015 272033 770959 475539 620664 432327 593154 816648 179605 748927 369552 129444 818063 715565 546839 351886 558907 797286 312939 249733 511974 87481 317021 823877 620629 175177 334433 530647 574048 178881 830969 290223 463900 604254 342068 860168 791128 717657 654006 653446 396998 526049 440340 216714 374035 423917 468259 823553 333322 163758 317819 394533
564504 766974 299556 248835 164862 580160 629831 0 298464 64011 390145 693572 186736 508995 694286 695944 264993 134599 342085 494294 379988 360236 356499 532508 320770 429362 522445 669253 602314 323718 873172 295141 346532 690152 33147 891305 423648 421202 605082 186844 254249 494519 539502 336285 463162 272631 811944 286612 645911 795155 422392 742619 202885 567032 761777 188951 592440 235807 260290 703355 197617 242261 259241 330294 286270 303347 887011 730260 583015 590905 359427 546309 287497 455638 302877 620451 258774 514644 617862 615712 523514 627405 937326 250425 162096 500435 148579 190294 290179 528206 719474 749929 567704 604798 400440 300817 633164 777564 528206 740409
622463 868590 588459 257032 408439 438574 750158 298464 0 261933 636587 911945 172633 804760 868580 943070 421831 287156 626331 684992 265784 347245 654522 670445 261232 379783 406624 726547 521213 293648 933916 584569 226230 788505 330788 927478 633160 628295 645452 219766 123177 401202 830484 582580 704064 568984 878739 330153 907175 820873 137806 993219 139091 826790 1033300 347660 641060 512240 435550 776577 255825 56446 203788 558344 579297 574850 926519 751488 857337 744387 575729 264599 585724 601286 495735 493912 176776 697692 347374 835546 792785 463639 986773 240061 325876 257731 153539 486845 532701 808563 965228 924110 813742 859655 329291 559304 606826 861635 761168 695228
612546 822865 356680 272615 156148 592067 686909 64011 261933 0 453969 757577 127210 559366 756612 759151 320452 177083 364722 556936 389833 389527 397343 590696 337535 454961 538214 718569 627002 346993 924621 352051 352601 745123 92776 939477 487053 484475 651065 122943 244557 513966 593663 334733 527036 324217 863801 322241 707881 841063 394014 805491 194836 629396 821803 144031 639498 251505 318314 755217 134505 208112 269314 394113 341040 316064 935630 774855 642981 651127 422886 520551 334637 513841 364008 636392 262305 576864 597146 679709 584695 635468 987628 186427 115272 486578 128028 228797 354188 586863 782737 812398 631193 667565 420367 305276 668563 831408 592180 774030
421043 500528 172193 423273 459615 682578 369359 390145 636587 453969 0 307614 573692 296862 347104 308855 243828 349468 419225 168466 547578 441415 313946 280550 483016 499957 617635 487552 626085 455060 641944 176066 541956 444743 362384 688915 99239 104069 469523 576912 535579 577387 275630 524432 73219 230449 583185 379033 271687 624316 720916 357791 500239 191687 402901 544213 450312 413727 220755 489698 584571 584246 478164 84690 199904 449274 680991 580844 238036 292346 89592 820882 261048 234338 165961 692439 499503 194087 865264 231358 169890 741042 711197 639815 525685 735905 491839 323499 104379 210880 331853 397010 179253 223071 512956 481491 577021 532399 139672 676357
472797 378283 460479 669408 765572 836106 319055 693572 911945 757577 307614 0 872706 456293 156163 125245 490841 630684 689802 232649 761559 640701 569957 310076 708737 675482 778916 472028 740174 674348 524274 465308 769729 373427 667522 593378 279373 283908 506817 880131 798414 740082 397162 810319 235331 519402 482920 606157 192831 576440 973351 159256 772855 203324 285475 851798 489722 709181 476414 438043 890017 864234 727787 364812 488306 733673 583162 566133 270574 244866 340188 1054356 542796 342931 416518 825177 753123 227809 1080818 78023 261268 892178 585507 943997 833243 956159 778777 624659 403409 316808 125734 164222 156938 168905 707563 769924 645015 427289 168186 713352
674891 902790 483834 304503 245947 577823 771681 186736 172633 127210 573692 872706 0 685106 859229 881203 409334 255965 471377 662346 382237 420444 518519 679969 348315 474436 533801 782132 637679 369500 991300 479224 340870 823195 218363 997509 597042 593712 707732 48413 216898 518043 720598 414013 646146 450852 932131 370828 832519 894547 310237 928442 183663 753446 948229 175350 698944 356117 413348 824771 85589 134524 276054 507901 468200 414151 994836 826089 769418 746228 533783 436381 459711 604336 466301 628845 257639 680225 519970 794685 710245 612143 1050738 94526 155051 426078 123879 351076 471321 713811 904593 915422 752348 790823 430537 394283 700915 905446 709872 800307
717704 766742 221980 654765 474917 956166 648491 508995 804760 559366 296862 456293 685106 0 571015 367042 502780 544786 295369 446966 794833 706417 184211 569866 726587 772619 890527 779370 913939 706158 914841 224912 778667 723387 475925 969420 392589 398355 766022 666922 734030 851474 65143 428510 305757 236366 859658 632444 284061 914000 918124 386463 687496 253345 326695 577738 746740 372865 477382 775076 657452 748330 699518 361809 226203 359846 960710 874613 192061 563618 381531 1034355 225644 530742 439458 973312 713885 470080 1093678 411304 199035 1013649 983134 716565 573109 966304 651423 336721 345237 139555 386961 605180 306959 288389 775197 400251 872754 805612 339988 973087
346182 222330 518357 614098 795819 724412 178267 694286 868580 756612 347104 156163 859229 571015 0 280288 453174 605084 763166 200339 681558 560257 650739 207459 638260 580968 672643 325684 617377 602320 369633 522481 697211 221273 673579 437611 275247 276251 372355 875056 748332 636193 518962 871529 289959 577239 326835 543803 338457 421819 909494 315046 731955 324288 441436 870018 357321 759984 446259 286189 891101 826817 671364 371534 546391 796229 427459 416126 401684 130143 338385 975764 606670 268041 393616 705880 698201 179763 991200 162393 372466 777737 432608 940132 847758 872286 751705 667886 417419 434482 281893 56230 266112 301373 620307 828577 511573 271134 235332 569485
574253 502608 426833 715823 741393 920471 432905 695944 943070 759151 308855 125245 881203 367042 280288 0 532635 656203 630960 302086 823674 706279 508710 405789 765141 750141 860065 586304 834083 732863 649322 431938 826109 492840 666580 717898 320753 326952 612564 881759 837207 820145 303275 758843 239071 481767 606993 659978 83416 697080 1019269 51731 805286 137029 161730 835245 594457 669376 513707 556691 886478 891733 773236 384744 452444 682999 707739 682406 175047 351659 369934 1110572 498367 420764 453283 915418 796747 307027 1145326 146868 194768 977960 710751 943298 820174 1017745 800358 594522 413084 233935 23922 288444 129708 95101 776234 721625 747961 551117 185258 823625
307331 502510 295255 183268 408104 453408 366607 264993 421831 320452 243828 490841 409334 502780 453174 532635 0 153393 491627 263420 304008 204055 434662 271670 239211 270056 387773 408585 421368 211632 609347 294676 298508 425238 255419 631225 214138 208691 351790 430432 307803 348913 500607 546003 298898 321227 547884 135524 510279 539520 486865 584043 282971 432135 644561 453560 336915 426113 25398 439467 451592 376243 240627 159184 307137 486709 626305 478091 481682 336950 163927 579961 355462 195347 79980 472624 264537 277413 621694 415308 413533 510881 674454 495123 427062 492428 298553 335895 158896 449135 553423 509351 406626 458173 274129 502889 410346 512604 347537 518905
435485 650726 322820 126323 297560 460976 517297 134599 287156 177083 349468 630684 255965 544786 605084 656203 153393 0 443814 410987 268596 228421 425915 424280 202808 299258 399893 541653 471580 197758 748304 319893 242843 571972 141094 762396 351436 347208 474127 278681 192203 368730 560414 461648 417134 320534 687735 152458 620426 664198 379116 706182 151647 540073 748075 318810 462428 350980 158984 579267 302225 235636 157621 271720 321165 418096 758570 598333 573954 490336 291241 490496 346957 348422 215575 496592 169391 427281 549143 553292 508149 512076 810855 342882 290602 422713 148435 280431 245813 528728 678521 661313 526737 572537 275815 422795 498585 656841 475443 605961
784346 914922 247469 570137 227209 904374 778768 342085 626331 364722 419225 689802 471377 295369 763166 630960 491627 443814 0 585417 711268 662958 122263 682236 646529 735239 842276 873168 902529 640188 1050218 243987 681951 852363 316519 1089020 509542 512030 832171 438729 596333 809139 355491 133196 473670 192142 989544 582416 553884 1010562 758425 661419 544963 497463 619919 322121 815052 115268 471056 888246 417794 572830 594154 428114 220662 69077 1082176 955977 463781 708460 462277 884471 158774 617388 469371 937569 597703 611095 958761 625104 437557 955889 1119196 472754 327922 842516 487037 163776 385423 400308 653650 809749 533353 539144 718036 107735 901972 942314 534192 1010496
289685 332078 338015 437977 597576 618458 203178 494294 684992 556936 168466 232649 662346 446966 200339 302086 263420 410987 585417 0 529778 409625 482383 125782 476117 449126 558007 334596 535761 441847 474607 341432 537138 278685 473260 524409 78028 77587 334460 676293 568775 518144 410931 684257 141687 394251 416730 373618 311081 467399 741264 352919 546315 252047 445530 669885 315136 568952 252485 328162 691437 639606 496357 172894 364829 610765 516084 431563 327604 123884 138761 821903 426661 118911 196164 614796 522086 25709 850135 163087 271025 676066 543777 741293 647464 724519 559115 474896 219478 330794 318421 255692 200923 257052 477881 640485 460372 364872 134831 548411
382609 634926 575874 143795 540937 202244 534088 379988 265784 389833 547578 761559 382237 794833 681558 823674 304008 268596 711268 529778 0 121733 692344 474143 68408 120290 151886 479550 258306 92550 681260 573870 41648 557214 398729 668138 503794 497349 396151 427462 165831 137547 799793 716067 598543 583555 629584 168554 809995 560932 240600 875399 202630 733497 945686 525760 395459 613181 328006 533839 463379 261621 121236 463075 579565 680924 667983 491963 785579 551510 464206 294551 612369 420903 381998 248646 128889 533980 321660 692485 717423 247426 729807 473229 497665 194753 272084 548535 459708 752506 842680 733491 702790 756620 69255 680699 341881 620010 639590 429761
275949 525430 494563 118403 524859 250829 416945 360236 347245 389527 441415 640701 420444 706417 560257 706279 204055 228421 662958 409625 121733 0 625101 352985 86815 72280 185500 379310 243212 53916 586936 493388 139152 446145 369498 583709 388447 381801 298442 459204 226908 148465 704451 689806 486618 512442 531494 80633 696809 478359 354023 757930 239814 622105 833246 533222 293822 577210 229403 429948 491450 325101 149080 358456 503012 643495 582085 409139 678672 430333 354580 416269 544485 299310 276010 276127 173694 412942 440510 572636 610753 307570 641137 514959 504384 315594 297537 499624 362905 650497 724685 612589 588002 642803 71642 650371 281758 515478 523523 385091
706764 814360 151163 548549 294301 874143 681522 356499 654522 397343 313946 569957 518519 184211 650739 508710 434662 425915 122263 482383 692344 625101 0 588430 624686 696290 809709 788025 855514 611744 954306 149416 668669 756429 325079 998013 409749 413211 755506 494937 601853 773555 239206 252624 360927 113505 894724 545330 431752 926025 777997 539356 551939 375577 502208 396914 737401 188932 411153 797328 481689 598548 583208 339231 130689 179428 990559 875804 342087 606266 370780 900177 80662 529790 395371 900928 592217 508025 967550 507442 315568 928827 1023562 540146 394720 844681 504703 168558 302361 278413 531387 695261 413121 417124 687305 219693 839337 845141 418319 946112
169314 239304 438810 413710 659621 527006 99781 532508 670445 590696 280550 310076 679969 569866 207459 405789 271670 424280 682236 125782 474143 352985 588430 0 432258 374746 471558 209651 430647 396192 368003 441419 490541 170450 518050 409666 181331 176830 211219 702096 548388 433697 536066 768823 266453 490358 307355 341538 428266 344576 703810 453783 536935 375328 558842 718404 192205 649646 272463 209429 722950 632262 469619 254275 463430 698865 402137 306037 452320 77367 219972 768305 524815 76889 234894 515108 496750 107562 784775 259057 396779 582551 436961 766741 693219 664983 564993 554155 298592 456499 418180 259701 321144 375798 413013 724544 342814 260845 257421 425366
362751 612008 507471 76667 484187 259871 501197 320770 261232 337535 483016 708737 348315 726587 638260 765141 239211 202808 646529 476117 68408 86815 624686 432258 0 126349 201844 465707 292140 36112 672696 505462 61143 532553 337002 667214 444435 438192 384264 390412 143196 176488 732196 656849 536421 515459 617786 105397 748092 561077 271564 816851 164674 670709 883130 477841 380245 550962 262526 516712 424702 242620 72461 398341 511208 618558 665978 491682 720717 509187 401501 346208 544558 372689 318328 300025 92317 482500 382717 637601 652594 309515 725804 442081 449237 253710 229516 483238 392951 686217 784777 691718 642221 695232 83708 620204 354633 602284 580247 452083
265346 517530 563614 182428 594217 183791 423841 429362 379783 454961 499957 675482 474436 772619 580968 750141 270056 299258 735239 449126 120290 72280 696290 374746 126349 0 118242 359766 172961 108184 560997 562639 154830 441014 440081 549086 438238 431394 276234 515891 267503 78865 767837 760904 539583 583353 509372 152871 746965 442051 359967 801420 290901 674675 883732 597715 276304 649016 295415 414680 549635 367015 198382 419013 573051 715460 548648 372837 735064 451243 411315 400240 615744 332900 336960 204642 218441 448759 410233 611551 667677 241833 610092 568353 568912 293823 354326 571895 427707 710489 767290 630541 636695 692454 51420 721818 228942 500810 570803 325872
335122 577323 680019 274898 686030 65640 504688 522445 406624 538214 617635 778916 533801 890527 672643 860065 387773 399893 842276 558007 151886 185500 809709 471558 201844 118242 0 410185 119012 202264 592235 678873 192965 507050 537607 565345 552976 546078 329585 579282 316995 40472 886078 858225 655328 697423 548581 264404 860817 459594 345097 910908 354354 789920 997509 676352 336205 750573 413164 468201 615256 410124 269146 537119 688457 817882 567121 394533 851837 545402 528692 346248 729048 439716 455156 98247 280145 555131 332882 718640 784708 123610 631038 624034 648044 239662 423492 678499 545811 828336 876269 718736 750034 806160 124260 821009 231068 551658 683599 297355
107245 168597 636941 481977 816659 445923 153491 669253 726547 718569 487552 472028 782132 779370 325684 586304 408585 541653 873168 334596 479550 379310 788025 209651 465707 359766 410185 0 322519 432944 209441 638953 510463 110626 663053 222643 388652 383524 83613 813984 605468 383262 745471 946798 475937 684037 152246 411825 623109 138001 719731 628996 611785 578571 746219 857960 85488 826180 420603 58196 841284 702064 525841 448901 659526 881519 217898 98010 657264 236946 417482 750652 719344 258256 405836 412911 551734 313980 743058 442749 604601 490747 269394 875250 830447 642627 658907 731982 488565 665182 593824 354506 521669 573552 410300 902795 201131 142280 461598 243915
271213 490879 715859 354961 767163 128334 441234 602314 521213 627002 626085 740174 637679 913939 617377 834083 421368 471580 902529 535761 258306 243212 855514 430647 292140 172961 119012 322519 0 280110 486476 715535 299829 428290 612605 453256 547528 540639 250481 681306 423218 120767 901044 933010 651455 742010 448117 322005 846305 349690 464091 883209 454735 781617 981286 769005 262414 819904 445642 380248 716193 519926 364178 552550 728498 885808 455870 288500 850218 497350 536826 458553 775699 418012 474918 90616 380203 527516 433737 688327 785512 168301 520075 730066 740272 354378 521403 740143 570769 835343 847758 657898 735382 791869 208463 893446 125338 458933 668444 178351
328986 577188 489139 75054 488436 264369 465308 323718 293648 346993 455060 674348 369500 706158 602320 732863 211632 197758 640188 441847 92550 53916 611744 396192 36112 108184 202264 432944 280110 0 640788 487429 95658 497553 336691 637473 412453 406097 352310 409576 172993 171341 709159 657842 506249 500873 585168 76109 717798 531945 307655 784592 187379 641081 853337 489553 347464 548677 235842 483088 442695 271281 95665 370595 494635 615851 635911 462663 693076 473159 371757 380059 531212 337147 289448 298863 119831 447664 413116 603805 624920 317473 695044 463883 460757 284918 247709 476425 368225 660494 752208 655695 611021 664571 78067 619849 331424 568395 548324 432222
316536 150006 805915 691369 1015156 614810 272802 873172 933916 924621 641944 524274 991300 914841 369633 649322 609347 748304 1050218 474607 681260 586936 954306 368003 672696 560997 592235 209441 486476 640788 0 808702 714512 198043 864757 75838 544594 541102 288501 1022538 813682 571953 870610 1134833 611073 858262 61750 621230 707066 140252 919263 680726 821090 683540 809482 1062121 294133 1014901 618423 169887 1049226 910874 734494 622263 831012 1066021 65391 198254 763159 352486 587942 938327 892571 436311 594458 570722 760114 449574 919951 526022 723331 649378 69268 1084189 1035061 831064 868222 919574 666206 786321 649173 366408 624026 666477 612304 1090556 362624 109775 576862 342680
557449 671510 5116 432072 309666 744200 536376 295141 584569 352051 176066 465308 479224 224912 522481 431938 294676 319893 243987 341432 573870 493388 149416 441419 505462 562639 678873 638953 715535 487429 808702 0 555675 610659 262237 850428 265853 268588 606230 469126 509420 641115 245955 349701 236278 55016 748546 416073 368265 776949 694245 472595 463495 295394 472300 405722 588065 243899 270013 649548 467155 528377 475174 190052 23912 273907 843172 726394 294235 464587 222310 809574 85264 380830 247761 766548 489083 367113 868906 394325 242386 800544 877866 525942 393071 741814 431074 162659 153282 235605 455823 571135 314989 336885 559573 307483 692806 700123 300942 798805
410696 662188 557987 123931 505348 240765 556073 346532 226230 352601 541956 769729 340870 778667 697211 826109 298508 242843 681951 537138 41648 139152 668669 490541 61143 154830 192965 510463 299829 95658 714512 555675 0 583527 367134 703907 505370 499159 427587 386349 124257 179102 786828 681662 596605 561861 661571 166159 808254 596882 214887 877811 162574 730534 942977 486618 425571 581309 321204 563521 422425 220128 87873 457276 559840 649059 703418 527661 779221 567718 461572 285065 589377 432714 378079 288959 90329 543258 323313 698726 711170 282902 764671 431637 458726 193956 232420 520326 449755 743268 845815 750225 702836 755593 103644 647262 380604 649581 641135 470401
175859 80281 607873 534755 825161 548157 75535 690152 788505 745123 444743 373427 823195 723387 221273 492840 425238 571972 852363 278685 557214 446145 756429 170450 532553 441014 507050 110626 428290 497553 198043 610659 583527 0 678789 246091 346854 343229 178973 850173 665492 476487 682686 938923 417883 660337 138452 461611 538119 204533 797273 532355 664122 503069 654357 878324 170846 819457 431066 64923 874120 757819 584815 424638 632988 869261 237554 195121 582979 160318 390133 839594 694577 241593 401258 518904 611738 254264 838774 354874 537019 595671 267233 913644 852130 731984 702897 723989 469033 599492 497919 245295 444140 492025 489008 894636 310010 90506 390401 352448
559682 754541 266689 262744 158127 596871 616395 33147 330788 92776 362384 667522 218363 475925 673579 666580 255419 141094 316519 473260 398729 369498 325079 518050 337002 440081 537607 663053 612605 336691 864757 262237 367134 678789 0 885592 400878 398820 601740 215187 281248 508030 506390 321185 435571 239560 803268 292981 615145 791373 453042 712772 230167 536620 729866 200358 588302 214455 247723 694883 222506 274465 279302 306192 253149 282206 880945 727606 551056 573696 336663 576124 254944 441429 285395 635131 281394 494406 646274 589865 492172 645655 929804 277466 175664 527154 179641 160548 264415 495774 690200 728891 538886 574826 414343 283402 637084 767129 501219 745118
327009 215334 847976 694035 1039280 580503 321348 891305 927478 939477 688915 593378 997509 969420 437611 717898 631225 762396 1089020 524409 668138 583709 998013 409666 667214 549086 565345 222643 453256 637473 75838 850428 703907 246091 885592 0 590147 586031 289969 1031419 810026 549626 927918 1167279 663973 898060 112049 626872 772577 107267 901736 751060 822119 744690 878853 1079776 300180 1046768 642975 200923 1059911 908749 732734 661470 872024 1100649 10569 176250 824610 405942 628206 910821 932946 471671 625499 532398 757286 500229 885941 590087 781522 609775 67897 1091423 1052086 804960 873695 952065 703613 844271 718840 438416 685274 730017 600404 1123143 334514 168194 634695 294079
326132 405687 262696 396342 520791 616289 271793 423648 633160 487053 99239 279373 597042 392589 275247 320753 214138 351436 509542 78028 503794 388447 409749 181331 444435 438238 552976 388652 547528 412453 544594 265853 505370 346854 400878 590147 0 6935 374014 608023 521636 512520 364965 606498 103954 317775 485265 339228 308922 525174 700639 372445 494103 237011 445644 595343 354650 490945 197813 390587 621258 584945 454257 96297 288913 533295 582337 482618 302721 199026 64251 789851 350817 139342 137425 619919 478565 103036 825375 202429 238342 674732 613858 672728 573645 697364 499697 396873 142316 291414 340718 329481 199555 254608 459448 562662 487855 435395 135872 583876
320020 402955 265528 390597 520258 609372 268348 421202 628295 484475 104069 283908 593712 398355 276251 326952 208691 347208 512030 77587 497349 381801 413211 176830 438192 431394 546078 383524 540639 406097 541102 268588 499159 343229 398820 586031 6935 0 367998 605180 516343 505623 371257 607888 110864 320095 481579 333039 315712 520252 694961 378660 489216 243928 452447 593931 348652 491911 192805 386215 618777 580326 448578 95508 291496 534960 578289 477194 309625 196943 62284 783728 353384 133106 132632 612986 472993 102061 818956 207257 245168 667812 610355 669952 572014 691014 495551 397595 141948 298028 346788 330807 206216 261365 452758 563982 481294 432051 142251 577563
48943 247825 604816 404985 757919 369191 194170 605082 645452 651065 469523 506817 707732 766022 372355 612564 351790 474127 832171 334460 396151 298442 755506 211219 384264 276234 329585 83613 250481 352310 288501 606230 427587 178973 601740 289969 374014 367998 0 741452 525249 301089 738415 896800 470613 647280 234025 336969 639229 190131 636197 658613 533997 585989 768487 792586 19438 776422 367282 140006 770079 622756 446325 418284 625179 834791 287110 126322 662061 262387 390445 667797 682819 235283 363061 340935 471759 318439 662255 465957 604145 417048 343890 801537 764578 559786 583992 684016 453166 661912 622981 409454 532337 586986 326897 853294 139303 225532 468151 214203
706828 929201 473933 341718 211552 624527 795925 186844 219766 122943 576912 880131 48413 666922 875056 881759 430432 278681 438729 676293 427462 459204 494937 702096 390412 515891 579282 813984 681306 409576 1022538 469126 386349 850173 215187 1031419 608023 605180 741452 0 263001 562300 705919 372752 649973 436097 962739 404837 829324 929585 356864 927802 226573 751284 940903 130855 731828 324086 431796 854777 37223 182934 317951 516098 456024 378564 1028398 861608 762251 765821 544050 482326 441411 625712 481470 674943 301178 695387 566690 802206 705410 659683 1083190 65094 114045 474324 161875 330396 476856 704716 905386 931073 754013 789815 473394 355910 740673 934047 715041 841542
500582 745624 512660 134690 400622 361663 627083 254249 123177 244557 535579 798414 216898 734030 748332 837207 307803 192203 596333 568775 165831 226908 601853 548388 143196 267503 316995 605468 423218 172993 813682 509420 124257 665492 281248 810026 521636 516343 525249 263001 0 302764 752041 579128 599520 503945 757712 207329 807249 704098 187017 888117 51388 727233 937253 369450 520046 488490 324279 654614 299483 99579 80677 453897 508469 555344 808626 634722 764809 622959 467427 300538 526451 480466 384981 412017 53902 580078 365809 723108 698345 398757 867990 307399 342470 246188 117250 441441 434032 720720 858687 803559 709041 757602 219616 548279 496444 739359 653140 590831
302547 548699 642152 245749 658932 105298 470411 494519 401202 513966 577387 740082 518043 851474 636193 820145 348913 368730 809139 518144 137547 148465 773555 433697 176488 78865 40472 383262 120767 171341 571953 641115 179102 476487 508030 549626 512520 505623 301089 562300 302764 0 846340 829166 614856 660899 525708 228510 820433 442836 353292 871062 335895 749455 957138 654171 306081 719699 374275 440811 597610 399168 247025 497121 651198 786705 550704 375915 811404 508222 488370 367936 692931 400061 415291 128434 261209 515646 362359 679126 744306 163670 614110 609938 625615 260033 403679 645446 506512 788140 836496 683146 709685 765784 94118 791163 215896 525426 643292 294622
690889 721378 242025 663190 521987 951573 608767 539502 830484 593663 275630 397162 720598 65143 518962 303275 500607 560414 355491 410931 799793 704451 239206 536066 732196 767837 886078 745471 901044 709159 870610 245955 786828 682686 506390 927918 364965 371257 738415 705919 752041 846340 0 488598 269617 270013 817070 633953 220003 877791 938087 321458 707567 196318 264469 624301 718999 425005 475405 737039 699171 774320 711280 349992 253245 417864 918902 842086 128965 522367 364319 1050794 266747 504306 431124 964966 727659 432499 1106126 357366 147643 1009663 938220 758455 617467 977577 677013 378644 341766 84739 322716 550105 252949 228330 774729 458284 851555 762193 293755 948820
850863 1006494 354068 583637 178591 916426 867813 336285 582580 334733 524432 810319 414013 428510 871529 758843 546003 461648 133196 684257 716067 689806 252624 768823 656849 760904 858225 946798 933010 657842 1134833 349701 681662 938923 321185 1167279 606498 607888 896800 372752 579128 829166 488598 0 585776 294701 1073331 611731 683528 1081809 719711 791248 528860 623634 752962 243133 881085 120630 529520 968415 343880 534283 595026 516940 325847 76648 1161234 1022772 594576 804344 552232 846902 267928 698524 541804 955996 592481 709513 927249 742178 564337 963480 1202941 390975 259249 820627 462731 215355 471049 530778 781897 920755 655427 665683 735370 44288 949729 1029429 649447 1058560
423886 464728 231796 481690 530474 719080 342813 463162 704064 527036 73219 235331 646146 305757 289959 239071 298898 417134 473670 141687 598543 486618 360927 266453 536421 539583 655328 475937 651455 506249 611073 236278 596605 417883 435571 663973 103954 110864 470613 649973 599520 614856 269617 585776 0 291274 554810 431167 211671 609079 783134 289202 566515 135492 347170 616638 451175 478913 278120 469437 657788 652666 538149 145912 260031 509666 655377 572470 198771 258751 135077 878856 318659 239605 218923 723664 560760 164344 919022 160296 135140 777583 679835 712976 598475 790131 561632 391341 175241 191300 261510 336172 109730 159291 558120 543750 589376 501446 67159 682907
598830 722864 59490 440008 263098 762119 586638 272631 568984 324217 230449 519402 450852 236366 577239 481767 321227 320534 192142 394251 583555 512442 113505 490358 515459 583353 697423 684037 742010 500873 858262 55016 561861 660337 239560 898060 317775 320095 647280 436097 503945 660899 270013 294701 291274 0 797712 433044 414858 821851 685352 520684 455709 344770 511694 362214 629554 189974 297868 697159 430623 512538 478077 236614 31277 219013 891049 769305 335978 516796 270401 804298 35539 426871 284974 787988 489234 419861 867802 449004 289400 817275 927295 489853 352030 742682 415973 114910 195497 274488 505555 626088 367740 386697 575637 252477 727168 750218 355732 834400
258288 104802 745838 633593 953450 575938 213864 811944 878739 863801 583185 482920 932131 859658 326835 606993 547884 687735 989544 416730 629584 531494 894724 307355 617786 509372 548581 152246 448117 585168 61750 748546 661571 138452 803268 112049 485265 481579 234025 962739 757712 525708 817070 1073331 554810 797712 0 562766 660672 121187 868945 641266 763552 632824 768271 1000879 237706 953336 556769 108618 989046 854200 678041 561466 770705 1004725 102436 161918 712718 296127 527317 893439 832154 374818 532761 535210 703971 392027 879325 478067 670336 614198 129778 1024708 973900 785677 809363 858040 605141 733184 608585 331337 573378 617969 560381 1029060 322853 56199 523536 319971
304710 541891 417501 73458 450009 329112 420157 286612 330153 322241 379033 606157 370828 632444 543803 659978 135524 152458 582416 373618 168554 80633 545330 341538 105397 152871 264404 411825 322005 76109 621230 416073 166159 461611 292981 626872 339228 333039 336969 404837 207329 228510 633953 611731 431167 433044 562766 0 642824 524757 368267 711673 202577 565680 778048 466169 328171 497909 159809 456530 434386 296348 128084 294522 424682 563839 624076 456933 617025 416855 296366 450783 464673 275917 213608 356558 155217 381596 487857 533943 548870 384745 679981 464569 437478 359029 247239 419196 292587 584470 679765 598455 536824 589878 143502 571707 347066 539328 474977 453861
597251 557925 363163 692578 677296 923361 472015 645911 907175 707881 271687 192831 832519 284061 338457 83416 510279 620426 553884 311081 809995 696809 431752 428266 748092 746965 860817 623109 846305 717798 707066 368265 808254 538119 615145 772577 308922 315712 639229 829324 807249 820433 220003 683528 211671 414858 660672 642824 0 742263 992319 107733 771622 80388 136768 773960 620365 599065 488940 599913 831286 854062 748488 354217 387012 608387 762702 720780 92583 386213 346685 1090088 428094 428319 430370 923520 770464 322491 1130671 183372 125883 981596 770945 889163 760702 1001802 760065 529279 374613 153983 102941 356104 111163 54708 768059 647634 769931 604473 178126 853008
232206 211739 774942 590355 946963 477743 272033 795155 820873 841063 624316 576440 894547 914000 421819 697080 539520 664198 1010562 467399 560932 478359 926025 344576 561077 442051 459594 138001 349690 531945 140252 776949 596882 204533 791373 107267 525174 520252 190131 929585 704098 442836 877791 1081809 609079 821851 121187 524757 742263 0 794585 735663 717521 704350 858703 982716 203087 961196 553400 142705 958901 803084 627436 586898 797482 1017608 107870 69406 783946 359477 555443 805599 857193 396247 542272 431917 651646 445299 783355 559198 734586 510266 171480 988748 954694 699246 770669 867551 626356 796159 701562 436357 646040 695342 493324 1037966 228526 162231 589299 203022
623119 875338 697667 304464 544361 358196 770959 422392 137806 394014 720916 973351 310237 918124 909494 1019269 486865 379116 758425 741264 240600 354023 777997 703810 271564 359967 345097 719731 464091 307655 919263 694245 214887 797273 453042 901736 700639 694961 636197 356864 187017 353292 938087 719711 783134 685352 868945 368267 992319 794585 0 1070536 230750 912575 1123304 485424 635956 645503 505638 774359 392362 186442 246384 638239 691998 709409 902343 726563 951596 780673 649513 127226 705495 642858 565987 415897 222536 749836 209826 899800 884935 368647 965160 370910 463647 137684 273829 612678 620321 907734 1040232 963178 892183 941927 309670 695397 569089 860528 834339 642442
621434 536487 467479 767271 782213 971022 475539 742619 993219 805491 357791 159256 928442 386463 315046 51731 584043 706182 661419 352919 875399 757930 539356 453783 816851 801420 910908 628996 883209 784592 680726 472595 877811 532355 712772 751060 372445 378660 658613 927802 888117 871062 321458 791248 289202 520684 641266 711673 107733 735663 1070536 0 855705 177784 130774 877597 640780 706161 564913 596802 931521 941555 824603 435086 492183 716117 740756 724117 198393 396635 421069 1162230 535065 471355 504575 965205 848002 356970 1197049 194920 231344 1028379 740115 988772 863378 1069476 849621 634568 462165 261196 35661 315449 179484 138011 827815 755343 794994 585896 236848 868314
505283 744397 466920 130090 350541 403241 620664 202885 139091 194836 500239 772855 183663 687496 731955 805286 282971 151647 544963 546315 202630 239814 551939 536935 164674 290901 354354 611785 454735 187379 821090 463495 162574 664122 230167 822119 494103 489216 533997 226573 51388 335895 707567 528860 566515 455709 763552 202577 771622 717521 230750 855705 0 691323 899710 324379 527014 437174 296459 658250 261715 95329 92606 420619 461466 504099 820078 648482 725462 609454 437054 348808 477286 465810 356681 451238 74687 559490 416314 696471 659782 443393 877877 277453 296733 297553 70023 390538 397106 679375 827253 787742 676244 723165 247018 497471 518200 741618 622695 616736
541701 533557 290281 613755 605041 853300 432327 567032 826790 629396 191687 203324 753446 253345 324288 137029 432135 540073 497463 252047 733497 622105 375577 375328 670709 674675 789920 578571 781617 641081 683540 295394 730534 503069 536620 744690 237011 243928 585989 751284 727233 749455 196318 623634 135492 344770 632824 565680 80388 704350 912575 177784 691323 0 212443 699892 566751 532447 410279 561752 754238 773684 669285 274900 315586 547468 735240 676560 79967 344874 269337 1011424 361535 364761 352459 856166 690970 267770 1053425 161963 60141 911739 749901 811745 685594 924331 679771 457811 294266 113805 160788 353820 59516 42196 693613 585718 712053 577035 117907 800140
728150 663713 467391 825883 773555 1059927 593154 761777 1033300 821803 402901 285475 948229 326695 441436 161730 644561 748075 619919 445530 945686 833246 502208 558842 883130 883732 997509 746219 981286 853337 809482 472300 942977 654357 729866 878853 445644 452447 768487 940903 937253 957138 264469 752962 347170 511694 768271 778048 136768 858703 1123304 130774 899710 212443 0 873810 749961 683955 622573 718004 939435 979177 881057 486883 487471 681518 868636 842876 178825 510154 481682 1223575 517578 563649 564902 1059420 902329 455123 1265841 303793 240606 1118115 869773 998240 863513 1136768 883730 626080 503234 237351 160365 445444 247539 191358 904575 721860 901580 712507 314282 981130
752817 954554 410818 415756 102838 727379 816648 188951 347660 144031 544213 851798 175350 577738 870018 835245 453560 318810 322121 669885 525760 533222 396914 718404 477841 597715 676352 857960 769005 489553 1062121 405722 486618 878324 200358 1079776 595343 593931 792586 130855 369450 654171 624301 243133 616638 362214 1000879 466169 773960 982716 485424 877597 324379 699892 873810 0 780408 212258 447498 892296 100762 304949 407517 499260 387841 257344 1075605 917112 697978 773437 531690 611726 358178 641757 485407 774097 396887 691909 695005 775409 648094 767547 1126232 151294 28840 597273 254358 247779 454685 636697 859164 924737 712523 740697 561318 230142 812594 966137 683679 917958
30736 243078 586594 397448 743938 378394 179605 592440 641060 639498 450312 489722 698944 746740 357321 594457 336915 462428 815052 315136 395459 293822 737401 192205 380245 276304 336205 85488 262414 347464 294133 588065 425571 170846 588302 300180 354650 348652 19438 731828 520046 306081 718999 881085 451175 629554 237706 328171 620365 203087 635956 640780 527014 566751 749961 780408 0 760611 351708 138408 759918 616839 440533 399768 607184 818502 296746 141717 642727 245001 371633 671201 665088 216022 345746 352463 466343 299287 668156 447746 584727 427628 351810 792455 752540 563297 575409 667847 435128 642474 605134 395845 513253 568003 326293 837474 155441 224572 448938 233393
