NAME : TSP_INST
TYPE : TSP
DIMENSION : 100
EDGE_WEIGHT_TYPE : EXPLICIT
EDGE_WEIGHT_FORMAT : FULL_MATRIX
EDGE_WEIGHT_SECTION
0 599119 804359 445462 559493 967416 558979 358772 175483 842366 203260 381300 805534 915617 156323 579683 547671 316064 564308 980605 946807 628013 312364 701604 523268 750141 801989 160544 855213 222807 114588 614206 199552 576697 579667 581010 726018 615718 103571 200816 354865 64134 505025 491410 452366 469267 252435 120210 313823 676963 132949 308227 271873 668734 250393 293876 744540 1096094 566372 576605 183961 214112 1012843 872814 696361 359202 237110 185505 603254 332764 193831 909290 477604 753590 693398 755146 137252 767676 820346 199755 752994 809366 788134 671707 16168 140713 532503 520056 99132 307172 248097 188310 820774 248815 837720 76404 659895 229686 297832 220889
599119 0 391790 488920 394151 561574 747001 280632 448772 284059 725422 449436 287057 418726 554297 66454 63764 815555 182984 576633 508966 297506 608810 869180 314321 302396 208139 502333 410295 556799 541629 498924 538758 246230 459477 285043 223933 173745 698953 483248 246887 560969 273860 627563 517909 549642 423684 583013 604445 248013 721560 315166 591434 305661 625462 580053 302506 620577 764724 324340 744938 609798 567682 461232 393780 508685 499292 688423 92394 665162 464649 456420 164977 454764 369303 379609 480963 299356 242531 671096 228467 298657 289780 328902 584189 683512 282819 739610 680792 642987 362293 413346 247184 350969 500445 597315 867580 389934 481585 694618
804359 391790 0 857821 280887 899031 1112825 455014 716046 231751 841016 467727 158604 722408 829606 340852 443178 890427 267465 913127 836834 687608 643712 1244531 701913 663113 438257 654317 58084 857350 704397 889496 651521 231958 848940 676816 576632 235127 881200 774469 538806 745827 659075 994293 886384 919121 731229 730689 929820 152478 937197 506220 651862 135858 927658 627933 89284 905662 1129629 232998 883074 901740 882373 809764 780426 524988 601447 952295 481695 987224 615317 784072 368722 837436 124570 752898 667122 100147 278197 945790 563459 621958 625105 715100 788268 825760 671783 1098460 851093 960859 567515 660456 266885 604874 870535 765635 1235971 669777 549025 790875
445462 488920 857821 0 733059 574440 258139 474360 299855 770523 648087 643580 775022 587730 294908 522385 426927 761160 595427 585106 573795 296035 689461 386988 198282 432898 614788 498810 887647 237259 493767 174445 563303 647699 149929 262204 459399 622703 532130 247297 341476 465552 224257 138652 28999 61371 216707 530704 196207 705355 489239 444726 650782 740380 263617 660608 771770 727176 275810 699420 627136 278969 634916 497878 311199 665767 564597 380706 423739 244284 493013 551825 499151 349042 794545 389940 443827 777116 723098 348830 493624 518804 494339 321459 441734 585772 229806 252423 541340 238192 415586 341290 729792 344099 432773 505132 379663 285645 600960 657200
559493 394151 280887 733059 0 955531 967866 261758 513743 433984 566525 192296 364273 808368 620109 328020 409156 610212 212736 970610 902990 662413 363309 1110623 631024 695210 551907 400588 338716 662883 450068 817242 384650 154289 772945 633811 618068 242842 622951 581295 391937 496786 586452 856743 758700 790620 555734 469046 749829 228124 689107 302355 373759 171400 729018 348934 263270 1008783 982565 77569 612120 697569 960868 854541 763248 245548 335562 727131 478276 800573 365680 850260 259996 828899 156348 765533 426552 296780 450541 727411 620640 690169 683115 702443 544079 557716 609118 944364 590206 772312 354355 453711 443308 413082 885622 508760 1090146 482949 278018 514308
967416 561574 899031 574440 955531 0 723571 788220 793080 690457 1152868 982141 747681 187720 841816 627957 552417 1261561 744349 15121 66104 344636 1109472 759105 444238 261483 463907 949522 891962 797989 968911 414723 1005826 806950 425910 390732 338227 727179 1067523 774232 674401 962071 466875 647547 587402 596270 715882 1012737 770644 785909 1044651 797614 1080978 852612 836235 1078408 817879 165785 739486 885619 1148879 846801 74753 103282 272609 1032863 982348 949383 479208 816041 923655 115669 709021 225398 915967 215570 905274 799132 633446 918821 341187 277515 277574 298788 958141 1095598 438034 748678 1066233 812319 813705 799928 645100 759788 143057 1004780 795318 745374 987818 1142784
558979 747001 1112825 258139 967866 723571 0 706111 477003 1027931 751891 851512 1033147 788931 409266 779864 685063 858480 847931 730211 743373 526971 855252 146873 446889 653653 863076 667584 1144329 344066 645449 324909 728745 897010 337356 503282 697092 878050 612179 407676 583914 603191 478967 119514 229140 197427 415143 671148 247281 960424 538788 668090 814191 991886 309648 830404 1027775 888320 18319 942639 713596 345165 794495 673544 505498 860388 744704 411222 679555 230429 675105 736359 749207 515326 1043479 587389 613970 1034183 979570 381528 731094 743626 719763 539146 562705 691539 479824 43867 634957 253097 625673 533322 986577 558598 584320 633162 123519 490198 792783 778799
358772 280632 455014 474360 261758 788220 706111 0 263653 487148 450849 196430 446974 677291 376057 239970 252284 536112 205542 803159 746947 457801 331735 849007 398913 531237 487532 230850 502273 409972 276081 574769 259525 223238 530322 419577 473531 257283 447835 326923 138953 306989 357214 595346 499125 530620 295278 313368 492078 319477 490930 51557 311609 319802 478793 301973 388321 876974 720851 244336 476780 450364 811012 685004 555282 244654 218691 497304 325895 545398 190848 698394 126493 622253 356573 578728 224291 409851 470874 491089 489519 557653 542693 502846 342652 415168 384099 682945 423365 517679 113261 206174 469834 155405 691714 336370 828468 224592 204944 416131
175483 448772 716046 299855 513743 793080 477003 263653 0 712890 363740 376131 687468 740982 113877 442036 391567 475580 455178 806439 771479 452616 391514 623822 348875 575179 643454 200040 760620 149216 194746 456479 264383 484327 418293 405613 554265 501272 278122 70139 202954 173188 329558 382448 314245 338520 85402 233888 240085 573756 278194 214948 352053 581986 215945 363615 644022 920611 489034 507042 355842 186712 837561 697705 523133 383577 271180 243649 439195 287356 199990 733808 357054 582084 620214 580068 144749 661676 683061 231889 582453 636562 614848 496526 165252 304128 357144 446313 273506 258915 159392 60124 685204 111524 665451 215433 593698 59541 316112 363684
842366 284059 231751 770523 433984 690457 1027931 487148 712890 0 929544 583111 76401 506883 823818 271630 347744 1000809 287032 703752 625875 539398 764063 1145128 586144 478936 228125 716163 207652 833818 762831 758694 733868 304327 723693 542775 395033 233652 934648 756451 511619 793656 549912 908858 799414 830583 700475 798430 886937 207011 972164 535552 760414 265146 903655 741255 181243 680545 1045851 360279 960947 885203 665367 609748 618621 646532 686253 956392 350031 947478 675612 574831 364765 666375 307919 573968 710833 148636 58312 942276 373192 419986 428594 555494 826470 899794 553239 1022282 910507 924525 594391 668041 47358 605551 683738 823455 1147029 656811 647566 887648
203260 725422 841016 648087 566525 1152868 751891 450849 363740 929544 0 374568 879179 1083922 358892 690518 684611 113103 642515 1166591 1127006 809158 219492 890432 710109 921814 933531 223143 897014 424611 188660 814996 195729 634625 779056 762526 886044 695892 144307 401718 501256 191254 686168 692208 655552 672470 447152 144795 511681 739341 231255 410591 195817 712221 442740 222580 799395 1272483 757536 608681 57838 408428 1193273 1055053 885352 323708 244272 348910 750141 521851 261121 1086012 577226 945402 719117 938058 253240 827966 919066 374224 909390 971316 951971 854415 206375 62564 714866 711039 117069 498905 365631 353415 917091 400371 1028257 148577 844608 407590 292113 57154
381300 449436 467727 643580 192296 982141 851512 196430 376131 583111 374568 0 523113 862420 468426 393578 436041 424992 306865 997152 938679 654214 181572 997926 592575 723071 644624 220934 524466 521452 267748 761973 194534 278825 717926 615859 659875 356589 434919 446262 329539 317235 552001 750312 665214 694547 438804 280872 615680 380460 506165 204456 184437 343055 581111 161610 433514 1063773 864193 237698 419844 546597 1001787 878859 751619 63676 147271 559091 511140 659139 192926 888958 284725 818567 344869 774372 258549 464397 584982 564378 672158 741812 728920 699173 366875 365983 579438 822122 401114 630513 228827 318311 580443 299800 888046 323021 969563 363775 87113 323289
805534 287057 158604 775022 364273 747681 1033147 446974 687468 76401 879179 523113 0 567725 800354 257179 348108 945176 241684 761444 684296 566515 704679 1156230 599959 522492 284101 671326 144380 816256 719418 780218 683681 245888 742692 563728 436470 189823 893985 736346 490920 753543 560562 913636 804019 836008 684026 752752 876345 142664 937143 497313 703821 193385 886786 683359 105794 747874 1050741 293175 913617 865731 727393 662155 652545 585870 634938 930760 366398 936216 630741 632154 331584 704836 232378 615602 671073 72531 119698 918976 418965 472578 478227 587912 789449 853142 567783 1024283 867988 911951 557980 638651 108313 577432 729740 780749 1154243 633869 592348 834887
915617 418726 722408 587730 808368 187720 788931 677291 740982 506883 1083922 862420 567725 0 811952 482598 426772 1186796 595731 199689 121648 300572 1008075 854412 411493 166390 284178 867911 711242 780867 895530 464024 917695 655392 456674 344886 203775 570409 1018884 738754 585132 898223 416139 692246 608165 626219 675210 939686 776583 620231 1011546 697068 984448 688868 831737 977722 644899 201934 806498 734557 1089053 834187 159981 138013 284440 918481 886948 933969 351943 830162 836648 78094 579225 279830 750826 202181 830838 623485 450932 906455 190777 120688 134717 267102 903977 1031438 392049 805081 1011365 820088 725484 733853 462645 683551 239299 939952 880610 686112 882045 1065232
156323 554297 829606 294908 620109 841816 409266 376057 113877 823818 358892 468426 800354 811952 0 552325 494622 471092 569031 854185 828170 514092 446934 554455 404061 645736 741999 263527 874454 66910 236727 467461 321787 597760 436274 468077 636741 614855 237222 74833 312262 194051 395906 335500 298991 314036 139583 262171 161990 687633 202880 326243 405755 695241 112909 423193 757899 980532 418272 617988 333276 78307 893194 752483 569239 464760 343593 134191 534991 193512 278679 795501 470610 621343 732175 635746 213491 775468 792052 118660 667172 715419 692470 554352 156675 296376 420169 372701 247790 165332 267738 169954 794695 225400 706420 226204 516948 167038 397538 376412
579683 66454 340852 522385 328020 627957 779864 239970 442036 271630 690518 393578 257179 482598 552325 0 102833 775421 116532 643008 574970 357256 559511 907315 361183 368816 252245 468962 365965 562775 511592 549568 499280 179895 508472 340145 290104 112060 676301 484871 240066 536092 318223 660480 551283 583711 429647 551065 619622 191461 706645 281364 545186 243915 632888 531794 252391 684124 797191 257888 714347 613762 633163 527686 455451 454556 456797 685223 156029 679713 429710 522271 115098 517762 306872 444911 454086 254983 241804 670708 293246 363190 355272 391166 564166 652653 331459 769154 655356 655866 334965 399556 243380 336652 565778 569804 902017 385393 433135 655961
547671 63764 443178 426927 409156 552417 685063 252284 391567 347744 684611 436041 348108 426772 494622 102833 0 779159 208446 567535 504953 258333 584019 809137 258765 290999 254320 461901 466057 494749 498031 446759 503579 272012 405813 238177 223834 214163 649026 422620 192881 513344 216383 565558 455926 487901 362023 540613 540868 294293 667012 278715 563041 345025 562977 554204 354353 627803 702687 345924 700470 548142 566898 449807 358161 491714 467676 628809 75109 601608 426072 454164 156624 422287 407118 356433 435529 354779 306038 610573 237558 306431 292906 295271 533190 639564 228712 676867 632822 579613 319046 360072 310865 298878 476477 551331 806176 332228 457115 657403
316064 815555 890427 761160 610212 1261561 858480 536112 475580 1000809 113103 424992 945176 1186796 471092 775421 779159 0 715581 1275442 1233975 917224 246916 994569 820091 1026443 1023295 319312 947813 536314 293041 928000 276820 699313 891862 870859 986820 768386 246342 514808 601916 302475 794694 802928 768431 784982 559542 248980 621402 803073 326035 501144 241493 768040 550812 263394 858335 1377835 863276 662611 145193 517466 1300203 1162846 995540 365533 318954 450343 847368 628052 353225 1191869 660565 1056305 766253 1046314 357379 888819 995482 477918 1008734 1072331 1053753 962816 319472 175423 823615 816885 225367 606291 462800 461684 992503 504691 1138700 260161 946933 517335 353291 121969
564308 182984 267465 595427 212736 744349 847931 205542 455178 287032 642515 306865 241684 595731 569031 116532 208446 715581 0 759387 690814 466772 484001 982330 455872 485332 346662 430524 307030 592468 478151 645925 446856 63960 603124 444768 406295 53395 652326 510159 271420 511862 411266 730176 623573 656382 464534 512423 662696 118932 696330 256328 476748 145217 663065 459233 189357 796432 864456 141357 674381 638670 748246 644213 566524 370327 399459 696193 271047 720499 389912 637930 101372 630223 203009 560226 429427 206756 280421 686850 407982 477440 470636 503223 548191 613435 429007 832227 626581 694436 317524 402743 277022 343723 681026 539340 971346 405638 363206 601074
980605 576633 913127 585106 970610 15121 730211 803159 806439 703752 1166591 997152 761444 199689 854185 643008 567535 1275442 759387 0 78226 358751 1124145 763026 457565 276603 477540 963749 905679 809805 982876 423805 1020209 821959 436165 404704 353227 742075 1080513 786938 689000 975718 480752 655958 597580 605841 728890 1026668 781266 800562 1056972 812374 1095548 867350 847336 1093074 832199 161647 745956 900647 1162269 858319 74653 118301 285172 1047794 996923 960922 494328 826099 938044 129290 724137 236208 930671 229782 919311 813274 646874 930235 355926 291877 292289 312797 971430 1109178 451845 755967 1079476 822762 828185 813777 658540 773985 152713 1018435 800099 759046 1002613 1156800
946807 508966 836834 573795 902990 66104 743373 746947 771479 625875 1127006 938679 684296 121648 828170 574970 504953 1233975 690814 78226 0 318910 1072468 790304 425184 215760 400227 918686 828411 788523 940936 424918 972993 752662 429305 365901 285103 671036 1048381 758219 639514 937314 442170 659132 589618 601936 697652 985037 769144 727096 1030810 759789 1045540 794525 831445 1041563 756789 153704 760000 831671 1126137 839212 66267 76312 263533 991311 946991 941331 430505 817751 890900 53452 661291 230604 857519 192536 876678 737169 569167 911697 284058 217504 220599 275282 936681 1071209 414335 765325 1044940 811739 780043 773619 580848 729814 160774 979854 822936 721019 949009 1113952
628013 297506 687608 296035 662413 344636 526971 457801 452616 539398 809158 654214 566515 300572 514092 357256 258333 917224 466772 358751 318910 0 768986 622795 111024 138180 343469 605075 701113 480551 624402 222607 662090 530233 193978 47004 170428 469113 729879 442238 333865 618901 123302 416894 319889 343174 380254 668301 478107 545487 715567 460074 738964 601153 531357 737839 598516 468532 545256 602932 807297 533672 385063 245921 100842 700031 640526 633800 206028 533454 580003 282183 402923 167045 664075 129125 560662 592059 484206 606004 204235 222780 198319 46325 617788 752726 95538 534096 726044 521692 470963 455835 493424 415276 234187 661525 635217 402350 650324 798185
312364 608810 643712 689461 363309 1109472 855252 331735 391514 764063 219492 181572 704679 1008075 446934 559511 584019 246916 484001 1124145 1072468 768986 0 1001108 688695 857788 811665 191523 701221 511210 210228 834526 127616 460024 792845 725857 804352 535245 323129 454530 435445 256117 654030 770817 705357 730035 472765 192154 608325 562030 408676 312713 41213 523149 555065 31152 614322 1206630 864871 417577 273917 518259 1137513 1007031 859704 119629 129988 496737 657419 637899 198595 1025553 445495 925133 519428 895660 246829 645576 763939 512106 821141 888927 873361 815250 303254 234742 683141 819530 286954 610606 299468 349060 759878 363770 1001549 237004 963714 406911 127294 162661
701604 869180 1244531 386988 1110623 759105 146873 849007 623822 1145128 890432 997926 1156230 854412 554455 907315 809137 994569 982330 763026 790304 622795 1001108 0 559000 737202 965694 814102 1273212 489980 791058 403512 874930 1033786 428907 607266 792167 1009410 748550 554547 723256 747921 596129 254302 358758 325948 560571 815613 392783 1092110 670771 812426 959986 1127164 451241 976587 1158035 924570 136238 1082578 849376 487525 833145 727484 580868 1007252 891471 544409 795098 369501 821960 792882 885349 574603 1180605 659102 760660 1162297 1094171 516791 825169 827239 804505 625861 706158 831175 591956 181891 773380 394440 771444 679892 1101976 703624 629804 776612 58996 635783 939653 920003
523268 314321 701913 198282 631024 444238 446889 398913 348875 586144 710109 592575 599959 411493 404061 361183 258765 820091 455872 457565 425184 111024 688695 559000 0 247596 417520 514803 724016 369528 529056 190054 574870 515955 147651 67902 262400 470765 623922 333160 263175 518925 44901 330442 225129 252867 272597 572266 369992 552220 606176 390256 655863 598803 420969 657673 613116 576776 465125 581088 704711 422696 490791 350238 175496 631773 558802 522786 236139 426805 493852 391440 373999 238087 658743 232717 466869 612800 535398 494997 296464 327634 303336 150371 513903 652007 33086 447445 622014 413516 389444 359121 543058 326629 318837 561652 562802 302760 576381 703168
750141 302396 663113 432898 695210 261483 653653 531237 575179 478936 921814 723071 522492 166390 645736 368816 290999 1026443 485332 276603 215760 138180 857788 737202 247596 0 257147 708782 665190 615880 734030 334331 761117 548609 316301 180064 86517 472214 853241 572410 427189 734534 249843 548344 455719 477204 508821 778241 616247 537106 845156 545100 831700 601181 668562 826984 577359 351632 671756 626664 925055 669607 279936 159404 158319 775553 733346 768694 217805 671606 679320 167774 447622 190870 665083 95668 669387 563341 420768 741642 106090 90309 67324 114667 738757 868147 226314 664450 846444 659832 568084 570036 431583 521899 207638 776573 755662 520963 733731 905427
801989 208139 438257 614788 551907 463907 863076 487532 643454 228125 933531 644624 284101 284178 741999 252245 254320 1023295 346662 477540 400227 343469 811665 965694 417520 257147 0 710417 428188 734100 749195 565771 746477 398084 536864 360205 179491 309115 903256 668190 447161 766850 391976 747806 642281 670387 604968 790880 765471 344408 920387 523290 796527 413983 799010 783746 362165 471468 881378 474922 952367 788789 444123 381625 407238 706262 706108 875556 207643 825717 672788 348277 366398 447732 473614 352792 687849 339605 170255 854930 151648 191953 201768 348528 787503 891071 385223 864946 886534 807111 569736 614265 181788 553197 457756 804074 975709 583914 685060 902569
160544 502333 654317 498810 400588 949522 667584 230850 200040 716163 223143 220934 671326 867911 263527 468962 461901 319312 430524 963749 918686 605075 191523 814102 514803 708782 710417 0 707238 324781 50165 648388 64493 432668 607830 559668 667524 483654 226901 263542 282799 96735 484685 579972 514116 538546 282201 82530 422098 536086 288519 187940 152077 519952 375355 164178 600881 1060411 678011 423149 245934 339137 984740 849137 689377 204215 80995 339590 528660 456976 40613 875178 357158 752890 539337 733972 55308 626591 701622 347309 689501 753044 734588 651217 145953 184321 513965 633353 197802 428857 143663 161150 700396 189816 832664 111380 779144 219980 139371 197450
855213 410295 58084 887647 338716 891962 1144329 502273 760620 207652 897014 524466 144380 711242 874454 365965 466057 947813 307030 905679 828411 701113 701221 1273212 724016 665190 428188 707238 0 899461 757189 909103 706473 279388 869759 694067 578855 267998 934103 817026 577511 797606 682346 1025220 916446 949016 771302 784567 968901 188294 988155 553765 708780 187287 970028 685067 118149 888094 1161430 288377 938320 945227 870626 806431 790623 582297 656404 999172 496822 1027122 667848 776394 408075 845006 182507 757377 717995 111279 260758 991509 562533 616934 622328 725522 839077 880537 692920 1131758 904533 1001253 615374 706280 249059 649130 872730 818618 1266976 712406 604908 847352
222807 556799 857350 237259 662883 797989 344066 409972 149216 833818 424611 521452 816256 780867 66910 562775 494749 536314 592468 809805 788523 480551 511210 489980 369528 615880 734100 324781 899461 0 301412 411538 384980 626932 383397 436063 615381 635166 298360 83210 325449 260294 368256 268682 237994 250409 133428 328503 97354 711366 252125 362805 470132 724961 70704 486627 781780 941844 353751 654224 396680 55023 852600 712340 526522 522599 403501 153353 526538 138377 335980 758866 491855 574764 765987 597174 272454 796937 798160 125828 647223 690532 666915 518036 223562 362214 389721 308720 311852 109827 308572 209335 801747 254805 659844 293092 454393 187649 454957 443228
114588 541629 704397 493767 450068 968911 645449 276081 194746 762831 188660 267748 719418 895530 236727 511592 498031 293041 478151 982876 940936 624402 210228 791058 529056 734030 749195 50165 757189 301412 0 650683 87539 482032 611710 578182 697384 531072 176917 250244 312686 50813 502189 564245 506566 528815 279975 44211 398316 585112 239301 230391 169036 569911 345349 187291 650342 1085161 654834 473314 203347 308604 1007166 869884 704505 244815 122540 298063 562196 428038 89526 899004 401556 766469 589493 753522 64696 675726 746739 308727 720831 782660 763366 670123 101369 141888 531235 609389 148681 400569 179465 169947 745860 212158 847887 61636 753499 227413 183383 174154
614206 498924 889496 174445 817242 414723 324909 574769 456479 758694 814996 761973 780218 464024 467461 549568 446759 928000 645925 423805 424918 222607 834526 403512 190054 334331 565771 648388 909103 411538 650683 0 712129 705842 44506 216606 389661 660045 704317 413585 435868 628019 234724 234240 179479 182970 371086 690364 364860 740982 663617 557533 797997 788709 435843 804381 800385 574893 342513 769907 797417 453051 480974 352190 181146 794099 705766 554242 413885 404800 635934 413242 562660 194335 848790 262636 595114 798275 704655 522050 422230 424593 401512 222352 609082 753239 218196 342379 711647 404254 543357 487270 713462 473617 271723 669125 421589 428553 733453 819668
199552 538758 651521 563303 384650 1005826 728745 259525 264383 733868 195729 194534 683681 917695 321787 499280 503579 276820 446856 1020209 972993 662090 127616 874930 574870 761117 746477 64493 706473 384980 87539 712129 0 439734 671279 617325 715616 500219 240678 326914 333935 137476 543191 643224 578548 602816 346684 87344 482288 544417 315387 224935 87673 520197 431867 101661 605707 1112489 738716 418523 232056 395228 1038815 904659 748606 161480 50077 384576 573248 514302 82180 928318 384800 812788 532017 790525 119653 633594 724189 396091 735906 801106 783566 708372 187601 174307 572493 693658 206598 486572 193067 224917 721976 248358 891618 131837 838654 283576 107421 156693
576697 246230 231958 647699 154289 806950 897010 223238 484327 304327 634625 278825 245888 655392 597760 179895 272012 699313 63960 821959 752662 530233 460024 1033786 515955 548609 398084 432668 279388 626932 482032 705842 439734 0 662640 507324 468736 89097 658603 543833 314601 520320 471154 780415 675388 708147 503251 512427 702372 104717 709621 274608 458028 98041 696954 437917 168375 855232 913147 79199 671027 670374 809298 707247 630170 342206 390438 720524 334947 758682 392528 699607 148550 694042 146851 624137 439689 194255 309486 713832 469146 538110 532189 567027 560537 611337 489962 879326 630460 731843 336117 428501 303959 373401 744950 543667 1020528 439299 346489 589372
579667 459477 848940 149929 772945 425910 337356 530322 418293 723693 779056 717926 742692 456674 436274 508472 405813 891862 603124 436165 429305 193978 792845 428907 147651 316301 536864 607830 869759 383397 611710 44506 671279 662640 0 181032 363948 618377 672023 378868 391443 590743 191908 235576 161501 172742 333119 652028 345478 699698 635224 513471 756710 746379 413518 762554 759976 581675 355456 726096 763409 427831 488519 354416 172573 750630 663749 530020 376406 390189 594319 412177 518868 200913 806091 254643 555048 758717 670557 498380 397368 406332 382555 201868 573835 717684 177166 349531 677819 386654 500293 446695 679039 430970 283535 632274 441856 387850 690415 781946
581010 285043 676816 262204 633811 390732 503282 419577 405613 542775 762526 615859 563728 344886 468077 340145 238177 870859 444768 404704 365901 47004 725857 607266 67902 180064 360205 559668 694067 436063 578182 216606 617325 507324 181032 0 197259 452070 682906 395841 291792 572125 76420 389589 287797 313526 333552 622007 437835 530967 669179 418904 695155 583202 488605 694707 587534 515446 521598 577541 760357 489624 432039 292706 135813 659901 596913 589093 197645 494415 535357 328971 373832 202712 645179 175535 514626 583697 489527 561750 231512 259876 235538 91957 570788 705914 48574 507081 679045 481372 427074 409310 498016 369866 275745 614770 615606 355508 608603 752099
726018 223933 576632 459399 618068 338227 697092 473531 554265 395033 886044 659875 436470 203775 636741 290104 223834 986820 406295 353227 285103 170428 804352 792167 262400 86517 179491 667524 578855 615381 697384 389661 715616 468736 363948 197259 0 389595 829583 562035 385098 703518 249415 585610 485042 510364 497296 741339 629278 452089 830443 493796 781049 517066 673915 774043 491071 404060 715393 547476 894355 670216 344812 239648 227824 715212 683822 765369 148744 687450 635123 232822 378419 271455 580846 179414 632868 476832 337167 740631 34267 85543 69208 169578 713409 835507 233618 703061 819311 672467 524326 540350 347709 486633 294136 744475 805567 496883 678270 864968
615718 173745 235127 622703 242842 727179 878050 257283 501272 233652 695892 356589 189823 570409 614855 112060 214163 768386 53395 742075 671036 469113 535245 1009410 470765 472214 309115 483654 267998 635166 531072 660045 500219 89097 618377 452070 389595 0 704775 553658 310863 564118 427054 759344 651286 684013 505154 565647 701721 82728 747342 307493 529032 132149 705870 511020 150187 769104 894953 166219 727723 682773 726040 629201 566798 420239 452722 743623 265945 760404 443046 617715 144245 628386 195596 552756 481521 161862 228698 733159 386978 454802 450515 502201 599638 666737 441863 864441 679376 734944 368196 450573 224763 390288 673458 592152 1001081 449745 415633 654270
103571 698953 881200 532130 622951 1067523 612179 447835 278122 934648 144307 434919 893985 1018884 237222 676301 649026 246342 652326 1080513 1048381 729879 323129 748550 623922 853241 903256 226901 934103 298360 176917 704317 240678 658603 672023 682906 829583 704775 0 295238 456611 141002 607199 560194 535584 548749 351641 154146 377590 761239 89089 399148 287649 746822 305443 313800 826967 1198280 616938 649688 101493 273253 1114293 973993 795673 399501 288010 205165 705985 381754 266359 1011580 570638 851424 765513 856340 223823 851957 915372 231761 856494 912927 891665 773119 116585 93539 634343 570543 36197 360368 341698 291075 915235 350358 936005 115570 701664 333180 347883 185806
200816 483248 774469 247297 581295 774232 407676 326923 70139 756451 401718 446262 736346 738754 74833 484871 422620 514808 510159 786938 758219 442238 454530 554547 333160 572410 668190 263542 817026 83210 250244 413585 326914 543833 378868 395841 562035 553658 295238 0 245624 218593 322628 316431 257547 278707 64769 284758 170182 629091 273341 280241 414255 641850 153190 427710 699516 909913 419409 571234 384564 129389 823628 682931 501778 452722 338086 207369 460907 219336 267730 724220 409916 556397 682795 565685 208643 715248 722781 187954 592378 641043 618207 483494 195533 339748 347611 376395 299067 191224 227567 129344 725857 171647 641137 257836 523726 104702 385106 409969
354865 246887 538806 341476 391937 674401 583914 138953 202954 511619 501256 329539 490920 585132 312262 240066 192881 601916 271420 689000 639514 333865 435445 723256 263175 427189 447161 282799 577511 325449 312686 435868 333935 314601 391443 291792 385098 310863 456611 245624 0 322855 223604 469004 367664 399942 194320 356469 391425 389306 474883 127638 406613 411304 396073 404323 459384 778646 599697 359323 512263 374940 705176 572353 427042 369353 307975 445372 250843 449684 252160 594417 170086 493445 460223 460225 248468 472695 480307 430659 408147 470541 451838 380039 340503 452309 251823 565003 441578 424090 140898 167233 482672 106254 567344 362291 707326 145417 316811 480194
64134 560969 745827 465552 496786 962071 603191 306989 173188 793656 191254 317235 753543 898223 194051 536092 513344 302475 511862 975718 937314 618901 256117 747921 518925 734534 766850 96735 797606 260294 50813 628019 137476 520320 590743 572125 703518 564118 141002 218593 322855 0 495710 526823 476082 496345 257715 68221 355979 622056 192757 258145 215010 610601 299311 235130 688619 1084028 611875 516403 190944 262491 1003569 864813 694113 295622 173121 247358 573674 382229 131788 897276 429676 754203 633035 747583 82823 712839 774565 258708 728671 788136 767903 663898 50556 133911 524235 566039 119824 355271 201158 164499 774338 217601 837004 42730 708833 216711 233740 191892
505025 273860 659075 224257 586452 466875 478967 357214 329558 549912 686168 552001 560562 416139 395906 318223 216383 794694 411266 480752 442170 123302 654030 596129 44901 249843 391976 484685 682346 368256 502189 234724 543191 471154 191908 76420 249415 427054 607199 322628 223604 495710 0 360729 252516 282396 259359 545931 380384 508812 595634 351213 622342 554506 424868 622915 570502 591108 497047 536196 683999 422689 508346 369126 205778 592947 524524 520162 200611 439197 461484 404381 329131 271165 614203 251902 438859 571070 500688 494029 282474 322302 298659 168247 494635 629495 29305 476401 602874 423389 354617 333055 507858 295094 348453 538361 597169 279089 539193 676215
491410 627563 994293 138652 856743 647547 119514 595346 382448 908858 692208 750312 913636 692246 335500 660480 565558 802928 730176 655958 659132 416894 770817 254302 330442 548344 747806 579972 1025220 268682 564245 234240 643224 780415 235576 389589 585610 759344 560194 316431 469004 526823 360729 0 109657 78375 311527 594894 182863 841835 498323 560091 730370 874567 257221 744140 908881 808926 137161 828316 660818 287096 714930 586002 407992 764435 653560 374119 561108 197069 582434 645959 632198 428529 927132 490166 525014 914940 860927 341585 619819 637307 613087 433834 492163 630074 363100 117500 577610 208148 522055 434829 867793 452697 504973 561310 241781 386562 697471 711902
452366 517909 886384 28999 758700 587402 229140 499125 314245 799414 655552 665214 804019 608165 298991 551283 455926 768431 623573 597580 589618 319889 705357 358758 225129 455719 642281 514116 916446 237994 506566 179479 578548 675388 161501 287797 485042 651286 535584 257547 367664 476082 252516 109657 0 32810 233275 542221 185502 733909 488335 468062 666190 768425 256581 676936 800467 742520 246817 726245 632239 275395 649657 514122 328643 685571 581939 375548 452339 228707 510240 569680 526865 362363 822239 408732 458897 805965 751848 343144 519301 542562 518121 343102 449631 593048 257081 223907 546642 225676 436652 358782 758589 365419 444895 514708 350739 304622 620144 667033
469267 549642 919121 61371 790620 596270 197427 530620 338520 830583 672470 694547 836008 626219 314036 583711 487901 784982 656382 605841 601936 343174 730035 325948 252867 477204 670387 538546 949016 250409 528815 182970 602816 708147 172742 313526 510364 684013 548749 278707 399942 496345 282396 78375 32810 0 259755 563226 186182 766649 497069 498699 690486 801232 260229 702015 833129 753960 215279 758732 646844 282712 660525 527156 343971 713501 607979 380156 482736 222030 536286 584548 559633 372596 854997 425262 483242 838472 782557 347392 544624 565132 540765 363462 467501 609906 285324 194610 561654 223132 465771 385376 789439 394827 453262 533971 318413 332517 647637 686229
252435 423684 731229 216707 555734 715882 415143 295278 85402 700475 447152 438804 684026 675210 139583 429647 362023 559542 464534 728890 697652 380254 472765 560571 272597 508821 604968 282201 771302 133428 279975 371086 346684 503251 333119 333552 497296 505154 351641 64769 194320 257715 259359 311527 233275 259755 0 319278 199133 583010 336342 253920 434101 601079 203246 444009 653256 848610 428893 537838 435784 186144 763356 622835 444200 454322 348664 271127 397438 256008 276965 662437 363263 501178 645850 505281 227384 667001 664778 250001 527609 576522 553779 422454 244442 386594 285090 389210 351562 229954 210984 125641 668328 143636 585290 299512 535889 75258 388077 448849
120210 583013 730689 530704 469046 1012737 671148 313368 233888 798430 144795 280872 752752 939686 262171 551065 540613 248980 512423 1026668 985037 668301 192154 815613 572266 778241 790880 82530 784567 328503 44211 690364 87344 512427 652028 622007 741339 565647 154146 284758 356469 68221 545931 594894 542221 563226 319278 0 424015 616403 228316 269763 151720 597444 366026 174308 680209 1129363 679658 498217 163452 329257 1051273 913872 747756 248378 133864 305038 605504 448934 122884 943187 439625 809380 613295 797409 108885 706637 784152 319954 764597 826654 807435 713960 111548 101803 574926 633723 121263 422315 221605 213218 782910 256365 891093 46018 775923 270000 193939 131081
313823 604445 929820 196207 749829 770644 247281 492078 240085 886937 511681 615680 876345 776583 161990 619622 540868 621402 662696 781266 769144 478107 608325 392783 369992 616247 765471 422098 968901 97354 398316 364860 482288 702372 345478 437835 629278 701721 377590 170182 391425 355979 380384 182863 185502 186182 199133 424015 0 780728 316329 447681 567207 800167 75430 583922 850759 922717 256546 735849 478497 104342 830797 693024 505850 618973 500578 194989 560880 60797 432489 745285 561325 545246 844801 582722 369507 863272 846906 162130 662662 697613 673327 509566 316504 450035 396163 211376 396069 43585 397258 299520 851609 337276 628833 386800 357188 267574 551273 534613
676963 248013 152478 705355 228124 785909 960424 319477 573756 207011 739341 380460 142664 620231 687633 191461 294293 803073 118932 800562 727096 545487 562030 1092110 552220 537106 344408 536086 188294 711366 585112 740982 544417 104717 699698 530967 452089 82728 761239 629091 389306 622056 508812 841835 733909 766649 583010 616403 780728 0 809643 370953 561618 69596 781978 540886 70425 814411 977266 153324 775563 757577 778721 690870 641462 443213 495153 813982 340101 838853 495745 673655 219786 701389 130630 621923 540577 90786 223171 805229 444864 509592 508374 576377 660797 715712 522822 946380 733733 812960 432616 520569 215498 462244 741865 646724 1083533 524566 450736 693914
132949 721560 937197 489239 689107 1044651 538788 490930 278194 972164 231255 506165 937143 1011546 202880 706645 667012 326035 696330 1056972 1030810 715567 408676 670771 606176 845156 920387 288519 988155 252125 239301 663617 315387 709621 635224 669179 830443 747342 89089 273341 474883 192757 595634 498323 488335 497069 336342 228316 316329 809643 0 440013 371649 801622 241200 397025 877390 1182918 542016 708825 182055 214481 1095945 955223 772097 476686 359230 127593 717226 310086 324543 997468 607748 823630 825547 838318 270169 900309 948186 158359 859439 911379 889026 756547 149097 182597 620916 496079 123691 292121 379168 308353 949086 371116 908755 183752 621801 337450 420257 274850
308227 315166 506220 444726 302355 797614 668090 51557 214948 535552 410591 204456 497313 697068 326243 281364 278715 501144 256328 812374 759789 460074 312713 812426 390256 545100 523290 187940 553765 362805 230391 557533 224935 274608 513471 418904 493796 307493 399148 280241 127638 258145 351213 560091 468062 498699 253920 269763 447681 370953 440013 0 287410 370806 430782 281884 439871 894520 682271 292121 432985 401442 824800 694890 554412 241736 190076 446090 349240 499468 149548 712872 171752 620933 405936 584899 175331 461245 517016 440408 512590 578974 562434 506017 292154 371292 379459 643089 375908 471451 61706 156338 516508 110743 694044 289450 789539 180599 190466 379770
271873 591434 651862 650782 373759 1080978 814191 311609 352053 760414 195817 184437 703821 984448 405755 545186 563041 241493 476748 1095548 1045540 738964 41213 959986 655863 831700 796527 152077 708780 470132 169036 797997 87673 458028 756710 695155 781049 529032 287649 414255 406613 215010 622342 730370 666190 690486 434101 151720 567207 561618 371649 287410 0 527220 513868 27173 617083 1181786 823751 422036 246975 477065 1110922 978957 828118 128719 98639 456673 635399 596695 162839 999427 430288 893085 528458 866440 207312 647396 757159 471532 799105 866078 849785 785284 262452 202389 651565 778378 251478 569394 268084 311375 753693 329681 970522 197001 922509 369684 113640 141238
668734 305661 135858 740380 171400 852612 991886 319802 581986 265146 712221 343055 193385 688868 695241 243915 345025 768040 145217 867350 794525 601153 523149 1127164 598803 601181 413983 519952 187287 724961 569911 788709 520197 98041 746379 583202 517066 132149 746822 641850 411304 610601 554506 874567 768425 801232 601079 597444 800167 69596 801622 370806 527220 0 794952 504647 92375 883705 1008239 105572 752231 768210 846958 756478 698947 403521 470188 816877 397979 856638 480595 741073 242778 760415 63952 683746 531483 125502 288391 810864 511427 577111 575063 634327 652627 693963 570906 975180 717274 829843 431937 525696 279858 471254 804232 631331 1115376 537334 420369 663847
250393 625462 927658 263617 729018 836235 309648 478793 215945 903655 442740 581111 886786 831737 112909 632888 562977 550812 663065 847336 831445 531357 555065 451241 420969 668562 799010 375355 970028 70704 345349 435843 431867 696954 413518 488605 673915 705870 305443 153190 396073 299311 424868 257221 256581 260229 203246 366026 75430 781978 241200 430782 513868 794952 0 532620 852397 985146 316315 722735 406816 36820 894240 755142 567980 577471 455841 119963 591877 82929 391561 804929 562522 611149 835203 642346 326240 867636 867299 87166 706453 746434 722468 566038 255441 382010 444056 269894 326112 56811 374881 275570 871078 324127 695535 325752 409983 257883 510350 469281
293876 580053 627933 660608 348934 1078408 830404 301973 363615 741255 222580 161610 683359 977722 423193 531794 554204 263394 459233 1093074 1041563 737839 31152 976587 657673 826984 783746 164178 685067 486627 187291 804381 101661 437917 762554 694707 774043 511020 313800 427710 404323 235130 622915 744140 676936 702015 444009 174308 583922 540886 397025 281884 27173 504647 532620 0 595069 1176054 840370 399225 274100 495888 1106655 975999 828576 103406 99149 479198 627370 615253 168621 994755 417375 894029 504187 864544 219303 625774 739555 493068 791122 858729 843005 784104 283693 229366 652018 795283 277676 587676 268380 319723 735782 333030 970401 220100 940132 377250 98687 167472
744540 302506 89284 771770 263270 817879 1027775 388321 644022 181243 799395 433514 105794 644899 757899 252391 354353 858335 189357 832199 756789 598516 614322 1158035 613116 577359 362165 600881 118149 781780 650342 800385 605707 168375 759976 587534 491071 150187 826967 699516 459384 688619 570502 908881 800467 833129 653256 680209 850759 70425 877390 439871 617083 92375 852397 595069 0 833104 1044760 197179 837591 827987 804727 726471 691806 494733 555969 883851 392543 909024 560824 703660 290114 749402 126697 665964 607729 34015 214833 875381 479606 540367 542067 626481 728372 778423 582810 1014540 798683 883209 501576 590527 204723 532499 784345 711973 1150660 594988 508506 752254
