NAME : TSP_INST
TYPE : TSP
DIMENSION : 100
EDGE_WEIGHT_TYPE : EXPLICIT
EDGE_WEIGHT_FORMAT : FULL_MATRIX
EDGE_WEIGHT_SECTION
0 714874 423905 876595 323960 972341 372647 606869 646337 704730 665419 248742 485803 911773 526203 1074509 847635 238578 572707 392951 399027 248560 657697 826126 548120 56062 428680 581685 947029 310982 347079 331447 747019 608685 226328 790183 349029 100355 244113 618715 367379 921774 437573 900305 637039 950898 749491 487034 739723 923208 607245 555965 133674 672822 286692 279325 679281 710967 578811 600001 420207 737140 281993 794713 606594 693706 800579 796702 426563 249541 493185 637451 486986 849745 867750 872269 232399 749297 880924 552889 940604 619616 576892 336670 465842 477600 733403 578579 627443 754961 537365 720005 893673 53176 655918 447760 108448 914718 42579 397403
714874 0 390412 446614 985068 259620 509257 193077 353100 266928 485906 476675 240403 196940 190403 360670 527881 754954 219832 585812 675695 622783 138013 528931 390387 715976 608806 273440 336111 583411 652812 866449 33175 445663 863634 80883 614349 656046 683217 156006 380946 232730 667116 254888 455234 236045 292988 608103 301410 264516 186143 586142 647284 56117 942553 934297 471488 536663 343864 248283 348219 549197 447730 213081 203476 287229 94893 104216 292893 534497 472626 175873 626373 368376 490456 269393 927494 336348 218181 446942 251520 482344 681280 1000816 674490 598876 383506 181963 425390 170425 441558 237300 259951 688628 95727 571046 747923 207433 680213 481825
423905 390412 0 453919 624518 639286 459985 401873 545888 286021 643901 191692 275784 571131 228310 715886 438934 380437 386251 197453 608671 476163 280309 420721 498514 400225 578312 166149 535501 482039 262541 483491 422504 208669 504994 470740 532706 415056 524759 245390 306485 623103 625223 502402 237084 607650 579096 241499 577786 528219 396837 641179 311559 374830 582976 575043 643484 329142 488556 189645 335544 354438 161264 560196 409616 537939 485206 436087 162266 384695 129914 420529 626478 426327 450092 464453 589594 325520 603215 160598 559606 233445 715544 640525 295561 230034 311184 210612 218586 360171 528184 306751 492478 379422 301495 562530 501772 552036 381694 92546
876595 446614 453919 0 1030651 529795 848560 614119 787279 210189 917257 642695 574021 475694 481133 520284 121151 784360 627098 544032 1015352 907496 342508 140403 797635 848556 966065 316138 225513 896446 625167 855516 453235 285805 920790 477016 941831 867060 962076 362240 687385 587295 1021069 278577 263002 489096 739598 491990 747904 300214 606484 984757 756871 488010 992749 985686 906061 251084 761197 310373 686484 239645 610218 651386 625516 730815 489848 378659 522815 811236 402423 608127 1000949 81104 60407 221892 1019532 139668 611513 338683 363589 294028 1074972 1046118 564704 491619 143216 385208 259930 276331 844302 222863 261173 830048 386731 937897 955292 413001 834125 488582
323960 985068 624518 1030651 0 1244282 696405 908985 966632 904287 989350 512164 777794 1179031 795791 1333395 966357 248273 877021 486625 701875 565166 898893 941187 870412 291975 743573 789655 1155569 630897 405928 191824 1018215 744856 121493 1064741 663652 422982 545696 861247 678031 1207470 743019 1126847 768234 1217373 1063333 550268 1054647 1152736 908143 874602 339577 951692 42522 50792 1003227 810019 898469 814026 732382 833117 538516 1096854 910466 1008401 1077094 1051080 693410 573189 629941 938310 800078 1027317 1004071 1087119 110012 927297 1173029 693060 1182669 739467 884915 16007 489265 547272 894088 822445 771300 984414 861200 928860 1116622 320315 910084 766965 384704 1169527 337775 555243
972341 259620 639286 529795 1244282 0 730604 397412 495547 435487 615473 736232 489935 69002 449957 125409 642282 1011750 432703 828796 886252 859843 361670 653300 571905 975102 812613 497492 322383 812052 900788 1120963 226655 645878 1122806 182159 834731 908941 919654 394182 625349 100149 869462 251668 646461 40960 378349 836726 393228 233015 393407 756450 906870 299719 1201779 1193534 594787 706687 519491 469983 584283 711235 707344 264128 403495 410773 172194 207477 552500 778025 701716 368119 816332 452137 587887 308133 1186989 478544 157401 662963 170525 679163 849914 1260064 907928 829030 535509 429074 619936 314453 621623 399452 268835 947575 338361 770894 999363 117628 938593 727657
372647 509257 459985 848560 696405 730604 0 333448 296466 639947 293203 313437 284720 685412 373709 850663 872008 563458 298805 577311 169935 149594 528158 858802 192680 412098 119727 537148 825321 86301 583981 678178 533431 663063 595587 562275 105276 273601 201573 497088 162369 654263 172595 753736 689895 722331 418889 662337 406000 768349 337902 200723 412498 454118 659310 651890 308107 785686 236910 538833 167167 809995 324698 496469 327109 363860 566738 611901 330113 127986 586311 362489 166890 791456 865665 750113 599797 709056 601610 619683 760771 691594 258776 708782 683292 650083 722358 466699 666255 626568 168901 635960 754368 386696 499476 104109 333442 713348 365700 508629
606869 193077 401873 614119 908985 397412 333448 0 174160 411810 303165 403054 137399 352614 179819 517295 676188 704761 35993 592798 493100 464280 272523 671717 197311 621732 422481 361150 528490 414703 641929 823664 209782 535346 790777 231418 438056 529963 523546 260872 241284 325887 480520 447958 553515 389097 177384 642940 175991 457145 7636 393065 572360 138005 867116 858883 292217 647085 151825 345905 192925 665192 383764 188321 11397 138276 234438 296545 248282 387782 518795 31104 435591 541271 649341 459439 834701 486803 278144 516585 438620 571858 488216 923928 696178 631673 522214 255175 523647 347992 248505 392054 452701 593060 227395 382854 615906 385344 579512 490649
646337 353100 545888 787279 966632 495547 296466 174160 0 585966 132838 494824 270676 469729 342439 620944 850236 792594 169965 723629 416146 445892 446489 845453 103791 674809 338734 530585 687080 381878 760217 912579 360870 700919 855648 366391 384210 554008 497179 434703 296981 403233 390680 603268 720873 500103 130595 785888 115852 608190 181731 261677 647132 302916 926756 918830 119072 816034 68545 517289 243801 835154 485531 233593 162857 85106 363339 450512 383866 399606 670860 179866 329111 713219 823369 622416 878610 660946 344913 676914 578808 736702 354415 980352 830980 774029 696027 426515 691484 517527 139977 565798 610432 646739 400751 295420 625432 517705 628857 627615
704730 266928 286021 210189 904287 435487 639947 411810 585966 0 713502 459790 363832 368722 270943 476398 265598 656714 421416 433973 807804 706664 140387 263834 589495 684977 756756 123096 251290 691112 514385 748077 283828 212526 786843 320746 735131 681210 763107 153625 479826 460506 812213 233198 211069 396345 553203 417635 559510 260922 404235 774973 597414 296636 863587 855863 703711 276962 555106 107966 476715 286209 426255 479978 423132 536720 335860 236971 318677 610084 290875 409709 790900 153591 238247 185059 874990 75087 467416 239251 307367 244290 864864 920233 492329 412092 116590 175036 185348 121682 635333 36044 219713 662971 188011 727999 772496 324448 663284 349497
665419 485906 643901 917257 989350 615473 293203 303165 132838 713502 0 559392 377304 595655 459382 740480 976035 842327 292495 807505 358799 435053 575257 970007 146124 702703 284772 649704 819773 366983 833712 960352 493505 814438 886421 497350 351140 566770 475242 560731 359722 519133 324145 735757 836155 623869 237556 878275 222456 740172 310801 168859 692080 435268 951852 944339 23317 932649 161478 638801 314914 952997 557314 351401 291769 209302 493419 583119 482837 417247 772498 311886 253752 844236 951588 755246 892903 788588 460154 785604 709030 849178 248130 1001854 916062 866109 821123 548806 807506 649463 131715 694962 743114 676305 530553 245557 623032 646687 656079 718319
248742 476675 191692 642695 512164 736232 313437 403054 494824 459790 559392 0 267884 672917 286281 832573 630369 302655 373905 263979 438210 293058 409528 611683 417165 240706 422482 336902 698883 311715 275641 422387 509578 396635 391696 555034 363756 224369 336986 370535 200857 695510 461345 651622 425480 711803 569123 351170 562839 674687 401260 511615 172587 440314 469749 461463 565651 512866 427669 353404 251524 538863 33605 588605 406087 517359 566790 552085 183852 210013 296021 430919 477030 608426 641409 623816 450847 509792 661026 344254 693604 416798 571022 527624 369974 339057 501019 330366 409218 506241 429846 472981 644931 214444 410381 416837 313555 670782 209524 205852
485803 240403 275784 574021 777794 489935 284720 137399 270676 363832 377304 267884 0 433254 92891 599241 613463 568245 113649 460125 454651 384158 243891 604249 237469 494792 396862 278190 541132 350111 505882 686786 269875 437319 658337 308857 386754 419006 444511 214723 141124 436001 453851 471754 459578 472199 311685 516778 308130 488086 134659 412686 439159 191284 735610 727340 373850 556518 217137 272098 117554 577616 246993 320740 142250 265629 317788 336996 115148 294260 400219 163654 427720 511647 598049 465606 708437 436488 396740 408798 487220 471892 501280 792998 565536 505090 458939 188879 431393 341860 277703 355457 471344 466400 215207 365593 509693 447665 454843 360366
911773 196940 571131 475694 1179031 69002 685412 352614 469729 368722 595655 672917 433254 0 386924 166603 584608 944949 386657 759989 845386 809506 292862 594204 537131 912677 773557 428491 281223 764713 832301 1053391 164837 578093 1057538 125037 790362 851469 869702 325828 571368 116281 831171 202252 579361 39141 362895 767792 376856 188902 347740 727052 842594 241972 1136560 1128332 576293 641943 485392 400984 533199 647449 643386 248292 359987 386968 118793 138494 489072 724867 632733 325185 781582 396242 532298 254335 1123739 414944 158480 594319 132992 611732 821744 1194860 838933 760064 471519 361297 552471 247217 587971 332688 218256 885424 270882 732816 942766 67335 877141 659098
526203 190403 228310 481133 795791 449957 373709 179819 342439 270943 459382 286281 92891 386924 0 548365 522466 569901 172931 424424 543331 460400 155644 514152 325038 525754 488102 190393 457437 433446 482127 684264 223302 358546 674496 269100 473318 472926 519951 123384 219874 413499 544550 393315 378512 425914 354441 466681 354641 412187 173781 505026 457275 157209 753270 744999 453406 474127 297913 181357 207614 493914 257650 332578 189107 318091 281304 271980 102606 366221 339722 194450 520320 419352 505581 381056 737092 343700 385026 337103 419599 394509 594100 811468 523797 455775 367521 96007 349273 256452 367968 263236 390938 498550 135798 457850 565851 388966 490660 319994
1074509 360670 715886 520284 1333395 125409 850663 517295 620944 476398 740480 832573 599241 166603 548365 0 639807 1094769 551902 896252 1008708 976047 435999 655166 696193 1073132 935773 561245 295761 930699 972313 1199229 329682 688354 1212085 291630 955350 1016638 1036212 472706 737852 222322 992932 253335 683788 128537 503108 892100 518087 226790 512762 881733 999980 408092 1291084 1282918 719619 729652 643879 534106 699753 729696 802032 389315 524110 536182 285040 282329 649319 891405 760584 488935 940804 451166 580612 312437 1282545 502404 280991 714297 170017 718287 975290 1349323 965834 885721 559040 511038 660374 364419 746215 441895 270382 1046314 423817 894381 1108307 164087 1038942 799526
847635 527881 438934 121151 966357 642282 872008 676188 850236 265598 976035 630369 613463 584608 522466 639807 0 725606 683552 484530 1033323 911735 405965 26036 847022 813178 991493 337172 346174 909719 561972 783638 540155 238950 862917 570298 958022 851984 962504 415641 709724 692494 1043831 393602 210695 601343 817869 417022 824578 416935 668668 1025614 720520 561603 930698 924148 967194 158334 816044 341395 717999 138868 600176 739148 687433 802318 584273 475224 541926 817529 355897 675126 1031758 190802 61721 334953 966947 192143 711251 294780 479692 231807 1111895 981323 484606 419256 155190 428584 221809 363333 890416 291125 375990 797954 453583 967549 935439 524710 805154 450467
238578 754954 380437 784360 248273 1011750 563458 704761 792594 656714 842327 302655 568245 944949 569901 1094769 725606 0 676348 241616 626970 469394 658817 701006 707201 182539 644135 543855 907905 522211 164377 120106 788060 498727 137326 835648 567719 322902 477404 622193 495617 983232 662705 881381 523044 982582 871714 315898 865245 907646 702606 761089 151091 727101 208853 201575 851856 572041 724431 568902 549086 596327 321262 888346 708221 819601 848902 813258 470169 436120 382511 731885 703200 779207 760187 840231 243822 679058 953953 445964 940038 495768 796758 264106 267829 310699 646546 584580 524532 740427 710613 682042 870649 195393 674201 654785 344810 930689 217533 307309
572707 219832 386251 627098 877021 432703 298805 35993 169965 421416 292495 373905 113649 386657 172931 551902 683552 676348 0 573463 460214 428397 284601 677748 174093 588732 390791 360654 552625 379357 619371 795705 239418 531443 759415 264229 403705 494718 487743 268306 206272 361878 449007 473751 551056 423531 198328 627747 194488 484303 39297 368770 541619 163796 835302 827088 284061 646079 134101 347815 157150 665205 356258 222006 33888 152278 268091 324013 228131 351871 507043 66970 406563 556390 659647 481864 801322 496476 313966 509146 468661 567440 463308 891857 678339 616237 528702 257226 521595 366695 224138 404267 477548 560032 242044 352013 580256 417181 546053 472878
392951 585812 197453 544032 486625 828796 577311 592798 723629 433973 807505 263979 460125 759989 424424 896252 484530 241616 573463 0 696001 542674 467133 460206 661759 347818 685685 335022 681801 571626 81999 316233 617328 258260 378879 665439 623462 431192 575572 435651 450152 818432 722094 665689 281779 795122 769996 95417 767483 693012 588368 774385 259276 572199 449018 442089 810569 333151 661263 362257 492603 358212 255084 756932 599615 725689 680208 622472 345354 470143 145939 613659 740819 543826 518607 618976 482515 445742 800218 207483 732975 254157 834963 502086 108592 85087 408724 404228 285029 532724 682476 463477 653100 339893 494264 680814 495528 734344 353379 104908
399027 675695 608671 1015352 701875 886252 169935 493100 416146 807804 358799 438210 454651 845386 543331 1008708 1033323 626970 460214 696001 0 159012 698035 1018823 320044 451124 77506 701611 995019 127179 685968 729449 698397 816150 621884 724312 75971 304622 157004 666658 328059 803970 42047 922705 843898 881220 546418 787275 531905 936735 498377 198564 484784 620003 671062 664821 380214 937690 371801 705039 337097 962773 458137 639204 485423 495782 727522 779121 493643 228260 729123 520230 110669 960008 1030111 919942 594888 875691 748537 769201 926983 842115 183542 711463 795935 775384 886232 635575 822119 796488 276276 804931 923680 432811 669280 120762 317257 877291 410360 643326
248560 622783 476163 907496 565166 859843 149594 464280 445892 706664 435053 293058 384158 809506 460400 976047 911735 469394 428397 542674 159012 0 614782 895045 342153 297379 180149 591450 917466 68083 528399 574842 650375 684717 474702 684624 100513 149775 60434 579257 243220 789779 193330 853070 713226 847614 566554 635633 554074 870779 467507 309448 325838 570384 530876 524002 452014 803669 384916 599737 276311 829401 317716 638071 459756 510974 691068 721127 388269 96580 588821 494814 238456 860239 915280 840903 463138 768872 739648 634455 871359 707474 329370 576335 640089 623992 771544 543414 694147 716358 316906 709757 851220 276926 594933 201900 188227 830092 254471 498533
657697 138013 280309 342508 898893 361670 528158 272523 446489 140387 575257 409528 243891 292862 155644 435999 405965 658817 284601 467133 698035 614782 0 403569 456035 648724 640622 139313 302758 589087 539870 763791 162908 307846 777911 207901 628703 615816 673898 38994 375466 359620 697729 244096 317247 328351 414236 478877 420019 265862 264908 646009 569868 158035 856754 848645 564735 400082 418702 112686 361196 413738 376979 348095 283898 396390 223442 156017 235991 519694 343032 269395 669521 272856 376883 226142 853229 214879 353470 311784 285420 344429 738093 914865 548240 470443 254689 79162 287379 101771 503706 119760 239472 623400 48136 608423 709018 271963 619040 366572
826126 528931 420721 140403 941187 653300 858802 671717 845453 263834 970007 611683 604249 594204 514152 655166 26036 701006 677748 460206 1018823 895045 403569 0 839143 790914 978436 326616 363300 894583 537181 758077 542687 217805 838286 574544 943320 832377 945109 410845 696736 700351 1030192 406629 189193 612340 817036 391566 823303 430755 664253 1015561 698276 560470 905702 899193 961734 132486 809459 332795 706761 112834 581951 741168 682885 799758 588810 480961 529050 801369 333570 671843 1019671 204314 83548 347446 942712 192661 717104 273337 492956 208490 1100908 956115 458803 393975 149538 421466 202477 367286 881727 291631 389007 776116 451526 955343 915034 535677 783705 428745
548120 390387 498514 797635 870412 571905 192680 197311 103791 589495 146124 417165 237469 537131 325038 696193 847022 707201 174093 661759 320044 342153 456035 839143 0 579493 243714 514621 725515 278146 689842 826478 405992 674032 761960 422471 282333 453756 393495 435938 216369 485783 298928 645269 696784 570847 229360 732162 215653 654236 204309 195756 558806 335163 831229 823424 149174 793856 52499 506362 169253 815073 413102 319395 187005 176508 422826 493666 338312 299443 627554 217551 244684 728757 827240 655572 779786 664101 429423 642863 633418 708048 290960 883777 770270 719992 691872 418547 668779 540714 51500 574974 649905 551898 415197 200865 522765 577139 533109 572201
56062 715976 400225 848556 291975 975102 412098 621732 674809 684977 702703 240706 494792 912677 525754 1073132 813178 182539 588732 347818 451124 297379 648724 790914 579493 0 476652 562657 931132 356787 296431 278325 748655 574717 183727 793272 397726 147618 297827 609806 386965 929702 488800 888762 602584 951665 772073 440381 763130 912588 621435 601158 92658 677054 251966 244076 715389 672248 606574 582770 441098 698235 272176 810050 622457 716902 804457 792786 423916 285526 457357 651714 535422 826231 836411 857524 213646 725077 891523 518784 933598 583028 626718 305982 414854 431513 705476 569690 595115 743328 572822 702664 881140 28710 651044 493071 163628 911487 46637 363199
428680 608806 578312 966065 743573 812613 119727 422481 338734 756756 284772 422482 396862 773557 488102 935773 991493 644135 390791 685685 77506 180149 640622 978436 243714 476652 0 656106 933406 121994 684843 752823 630065 782425 654851 653872 80023 329381 202095 611230 281772 728830 58310 858903 809379 808829 469096 773567 454533 871757 428132 133971 496317 552789 710153 703411 305530 904966 295828 657037 280529 929386 437487 563106 414239 418836 656381 712796 449568 217671 703411 448557 59079 907229 984385 859228 639550 826793 672921 738427 859223 810587 153316 754266 789496 761416 841352 582527 785897 736994 198968 751260 860758 454998 608977 43318 361176 807713 432689 622954
581685 273440 166149 316138 789655 497492 537148 361150 530585 123096 649704 336902 278190 428491 190393 561245 337172 543855 360654 335022 701611 591450 139313 326616 514621 562657 656106 0 369671 581046 411602 641602 300882 177579 670687 346843 627319 559099 646463 118269 374873 498922 709604 337526 193082 462261 525082 340060 528161 363864 354183 688947 476037 279795 748354 740480 643347 285960 488259 27532 380856 304581 303418 475174 371639 497040 362331 290049 207971 495126 204459 368191 695004 272662 328639 298309 755594 177551 491176 173503 399292 214699 774734 805652 410473 331932 185246 107073 162942 198586 555893 140754 326981 540294 177788 630943 649973 399520 540312 240058
947029 336111 535501 225513 1155569 322383 825321 528490 687080 251290 819773 698883 541132 281223 457437 295761 346174 907905 552625 681801 995019 917466 302758 363300 725515 931132 933406 369671 0 890112 763100 997407 326280 439719 1038058 328882 927885 913795 976650 339215 677072 397504 991367 85880 427365 283842 608072 654488 619564 92397 521340 921075 845542 390485 1114874 1107146 804112 452746 679853 348415 658383 448332 665375 502582 539149 615089 336972 236739 536166 822451 536529 511917 956446 163754 285914 76672 1125093 241485 434894 479174 152004 462559 1015868 1171512 729890 650727 291711 377132 410403 201109 776335 228933 76665 907929 325944 898248 1006624 213937 906515 600613
310982 583411 482039 896446 630897 812052 86301 414703 381878 691112 366983 311715 350111 764713 433446 930699 909719 522211 379357 571626 127179 68083 589087 894583 278146 356787 121994 581046 890112 0 566099 631614 609253 689951 537194 640594 52046 210741 115414 555515 213729 737954 150494 821865 717866 802180 505149 661862 492196 837999 418650 244985 374374 529336 595795 588754 384051 811167 323172 586300 235474 836366 331022 581915 409101 450160 645923 684374 373633 101807 601951 444475 181017 844312 908664 814043 530054 756898 686092 642459 834232 715441 275116 642387 673352 649881 764589 522032 696609 689583 250155 690815 821292 334222 564745 136778 256265 789510 312067 516384
347079 652812 262541 625167 405928 900788 583981 641929 760217 514385 833712 275641 505882 832301 482127 972313 561972 164377 619371 81999 685968 528399 539870 537181 689842 296431 684843 411602 763100 566099 0 234447 685006 339613 301327 733246 616801 401798 553595 506624 474016 885403 715697 745161 362426 868200 817566 152584 813776 772313 638185 784218 217132 634774 369120 362411 838933 407729 695226 438442 521395 431955 276754 813690 647736 770391 747657 695824 394034 467175 227864 665056 742051 625824 598240 699443 407875 527668 863921 289429 810712 333587 837027 421252 118774 146648 490615 472975 366709 610080 705062 543112 732921 294371 563775 685156 454062 809522 311375 173304
331447 866449 483491 855516 191824 1120963 678178 823664 912579 748077 960352 422387 686786 1053391 684264 1199229 783638 120106 795705 316233 729449 574842 763791 758077 826478 278325 752823 641602 997407 631614 234447 0 899389 571467 137630 947321 674745 425464 575517 728400 615599 1096571 766994 977577 592640 1090422 991509 366739 985157 1004477 821341 873594 268290 841154 166537 162954 970370 625912 844365 667789 669148 648045 439903 1006206 827352 939566 960959 919435 586139 550267 462168 850423 811832 859585 824728 933046 241568 761950 1069154 523025 1040631 561753 904096 204859 301145 365318 723705 692100 599286 840011 828676 776000 965778 297995 782625 766309 429137 1035486 320413 401564
747019 33175 422504 453235 1018215 226655 533431 209782 360870 283828 493505 509578 269875 164837 223302 329682 540155 788060 239418 617328 698397 650375 162908 542687 405992 748655 630065 300882 326280 609253 685006 899389 0 470394 896786 48240 638687 687031 710779 184924 409595 201164 688323 242505 478607 203977 289181 637686 298984 248953 203380 601412 680343 80044 975698 967442 477889 557318 357683 275005 374792 568734 480764 199170 219429 289848 62891 89648 325856 563285 501969 188783 645244 373541 499808 264055 960355 350197 190576 474176 229245 506764 696778 1033958 704834 628657 399812 213129 449074 177875 457442 252085 249616 721235 124554 591427 778625 180257 712626 513610
608685 445663 208669 285805 744856 645878 663063 535346 700919 212526 814438 396635 437319 578093 358546 688354 238950 498727 531443 258260 816150 684717 307846 217805 674032 574717 782425 177579 439719 689951 339613 571467 470394 0 635424 513810 740195 615321 732499 294034 504223 662027 831177 440686 28903 607439 702206 215276 704915 468564 528643 834812 482081 456670 706972 699935 810077 122756 653506 199216 523871 146971 368255 651740 545447 672543 529383 442216 341594 593291 118678 544323 828085 290178 263714 386686 735693 198246 660626 55936 518734 37133 914346 760337 290556 212408 153150 284184 29316 331583 710751 247989 425584 559099 351415 763683 697297 536662 566206 211648
226328 863634 504994 920790 121493 1122806 595587 790777 855648 786843 886421 391696 658337 1057538 674496 1212085 862917 137326 759415 378879 621884 474702 777911 838286 761960 183727 654851 670687 1038058 537194 301327 137630 896786 635424 0 943374 575059 326454 465124 740138 563375 1086550 661509 1007363 660043 1095885 948192 451688 940013 1033041 789689 782166 219278 830599 79040 70843 899005 709043 787187 694637 617895 733163 417450 978190 792641 893786 955784 929758 572198 469250 518494 819758 712968 913520 897355 968689 111546 812834 1052721 582150 1062070 633034 801952 137336 398651 447044 782068 701221 660863 864354 756403 810499 997450 210397 788669 673950 309348 1048271 230342 439192
790183 80883 470740 477016 1064741 182159 562275 231418 366391 320746 497350 555034 308857 125037 269100 291630 570298 835648 264229 665439 724312 684624 207901 574544 422471 793272 653872 346843 328882 640594 733246 947321 48240 513810 943374 0 667442 727625 744863 232124 446390 153268 711861 243112 520771 163640 279190 684796 290793 244116 225957 616041 726372 117824 1022219 1013955 480100 596643 372084 320533 408317 606876 526747 176880 239716 289208 15580 99172 371686 599848 548978 206058 665235 396217 526655 274646 1005512 383291 147388 519685 212701 549834 711367 1080448 752394 675897 435193 261212 491595 207259 473880 287287 253219 765651 171995 613991 818547 154711 756498 561799
349029 614349 532706 941831 663652 834731 105276 438056 384210 735131 351140 363756 386754 790362 473318 955350 958022 567719 403705 623462 75971 100513 628703 943320 282333 397726 80023 627319 927885 52046 616801 674745 638687 740195 575059 667442 0 250191 125304 596290 255504 756671 98973 857498 767962 827120 511688 713862 497953 872584 442686 212092 421647 559314 630137 623389 370200 861719 331294 631460 269766 886804 382839 596106 431393 458261 671758 716754 419405 153845 653459 466705 137957 887839 955580 852272 559982 802172 703024 693245 865836 766150 229393 674425 724816 701890 811598 564111 746272 728222 246399 733372 857714 376750 601958 107673 282007 818623 354347 568314
100355 656046 415056 867060 422982 908941 273601 529963 554008 681210 566770 224369 419006 851469 472926 1016638 851984 322902 494718 431192 304622 149775 615816 832377 453756 147618 329381 559099 913795 210741 401798 425464 687031 615321 326454 727625 250191 0 155577 577406 288759 851467 341578 859895 644206 890537 662427 526549 651849 881045 531209 455716 187578 609833 386516 379265 581226 726625 487502 573709 338488 752894 256989 715641 528411 606290 736783 744753 379899 154445 506608 560986 388010 831521 865149 837655 326910 733635 807311 561020 892344 631820 479100 435223 518562 515819 725319 538036 630205 716217 440024 691822 855015 128190 607276 347500 93229 860667 105746 410789
244113 683217 524759 962076 545696 919654 201573 523546 497179 763107 475242 336986 444511 869702 519951 1036212 962504 477404 487743 575572 157004 60434 673898 945109 393495 297827 202095 646463 976650 115414 553595 575517 710779 732499 465124 744863 125304 155577 0 638039 303501 848662 197524 912903 761214 907750 620455 669997 607565 930799 526932 335953 342428 630779 514291 507978 493659 849797 438479 655750 336553 875751 364250 695287 518758 565335 751200 781498 445433 154327 632588 553929 255901 916567 968088 900038 439681 824013 797961 680954 931727 753675 339273 555643 668497 658699 824768 601749 743321 775570 363929 767185 910871 282018 654778 232976 161081 890521 259904 539994
618715 156006 245390 362240 861247 394182 497088 260872 434703 153625 560731 370535 214723 325828 123384 472706 415641 622193 268306 435651 666658 579257 38994 410845 435938 609806 611230 118269 339215 555515 506624 728400 184924 294034 740138 232124 596290 577406 638039 0 341801 385285 667838 282694 306665 362263 413981 452772 418407 304732 253413 622687 531286 162811 819044 810915 551578 394554 401683 94818 330871 410295 338004 357707 272043 391090 247374 191179 197814 483726 317046 262162 642257 297159 391750 262549 814656 228487 374172 291468 324103 331105 713544 877205 520357 443795 261353 40170 276391 139094 482123 141063 277627 584438 60438 580312 670580 308630 580046 333594
367379 380946 306485 687385 678031 625349 162369 241284 296981 479826 359722 200857 141124 571368 219874 737852 709724 495617 206272 450152 328059 243220 375466 696736 216369 386965 281772 374873 677072 213729 474016 615599 409595 504223 563375 446390 255504 288759 303501 341801 0 563588 334732 610606 530431 610023 385302 526433 376751 627852 242450 334790 350924 330053 637036 628933 365140 626976 228854 377199 54528 650795 197659 427963 240091 330505 454129 478093 167797 153694 435681 272268 324253 632359 703469 600814 597695 547747 518612 463414 628303 534170 410375 692419 558671 514126 560043 308764 505920 476249 232428 477925 609293 358318 352642 259778 375960 588368 342828 367480
921774 232730 623103 587295 1207470 100149 654263 325887 403233 460506 519133 695510 436001 116281 413499 222322 692494 983232 361878 818432 803970 789779 359620 700351 485783 929702 728830 498922 397504 737954 885403 1096571 201164 662027 1086550 153268 756671 851467 848662 385285 563588 0 784669 317753 666933 122917 281577 837739 296713 305169 323238 664904 867991 256373 1164996 1156712 497957 737300 433338 472233 518071 745188 669118 169684 330030 318130 138276 223739 514811 713166 701871 295093 728593 506896 642462 367649 1143148 515053 58980 670923 248372 697367 757244 1223006 905621 828944 570141 414281 638486 340201 534084 425208 333303 901525 325251 686376 939545 183597 890605 714546
437573 667116 625223 1021069 743019 869462 172595 480520 390680 812213 324145 461345 453851 831171 544550 992932 1043831 662705 449007 722094 42047 193330 697729 1030192 298928 488800 58310 709604 991367 150494 715697 766994 688323 831177 661509 711861 98973 341578 197524 667838 334732 784669 0 917097 858514 866242 521275 812042 506468 930031 486231 160050 518516 611097 711814 705491 346144 953362 351335 711426 336967 978102 479102 618013 472171 472400 714218 771105 502220 252036 748228 506349 71599 963270 1038182 917046 636342 881604 728325 785763 917498 858351 141959 752753 823747 800023 894766 638458 835766 794572 252137 807482 918869 469563 666654 98570 358317 865818 447085 664877
900305 254888 502402 278577 1126847 251668 753736 447958 603268 233198 735757 651622 471754 202252 393315 253335 393602 881381 473751 665689 922705 853070 244096 406629 645269 888762 858903 337526 85880 821865 745161 977577 242505 440686 1007363 243112 857498 859895 912903 282694 610606 317753 917097 0 433697 211270 522292 650337 533872 27889 440989 841022 806592 310307 1085369 1077442 719721 476323 598511 312821 587796 476540 618593 416779 458356 530130 251093 152905 480019 759472 523846 429890 879493 202810 337389 59582 1088973 249758 351773 472043 86361 468640 936128 1142852 725255 645065 306014 322487 411995 145476 696404 202217 17625 864240 258138 822583 953104 136448 860971 576425
637039 455234 237084 263002 768234 646461 689895 553515 720873 211069 836155 425480 459578 579361 378512 683788 210695 523044 551056 281779 843898 713226 317247 189193 696784 602584 809379 193082 427365 717866 362426 592640 478607 28903 660043 520771 767962 644206 761214 306665 530431 666933 858514 433697 0 607410 717994 231820 721213 461473 546665 859893 509928 469432 730796 723860 831256 97383 674933 212355 548775 120395 396988 663730 563822 689972 536295 445227 366591 621544 145659 561238 854528 273445 237679 378109 761294 186680 668039 84160 513806 35254 940227 783620 306370 230219 136782 300148 30301 332155 734378 247061 418035 587260 362330 790088 726051 535232 594588 239776
950898 236045 607650 489096 1217373 40960 722331 389097 500103 396345 623869 711803 472199 39141 425914 128537 601343 982582 423531 795122 881220 847614 328351 612340 570847 951665 808829 462261 283842 802180 868200 1090422 203977 607439 1095885 163640 827120 890537 907750 362263 610023 122917 866242 211270 607410 0 388708 800563 403119 193446 384448 759096 881260 280920 1174917 1166696 603934 666457 518805 434730 571349 670744 682156 273596 396124 416342 156550 172654 527975 763441 666004 361079 815507 411260 547064 267338 1162594 438087 174476 625839 131870 640368 853413 1233217 872320 793099 495120 398406 581199 275856 621370 360352 228325 924444 308381 767768 981776 76668 916221 694912
749491 292988 579096 739598 1063333 378349 418889 177384 130595 553203 237556 569123 311685 362895 354441 503108 817869 871714 198328 769996 546418 566554 414236 817036 229360 772073 469096 525082 608072 505149 817566 991509 289181 702206 948192 279190 511688 662427 620455 413981 385302 281577 521275 522292 717994 388708 0 819885 15370 522253 182260 388367 733006 256582 1022302 1014187 216512 808252 181979 506205 330997 824276 553323 115112 170396 56203 271741 374605 424984 509959 694153 160108 459197 661075 782827 551514 981366 625726 222597 688109 483649 739192 478390 1077708 873562 808701 668779 418094 687748 463331 270145 526860 532271 743474 366101 425780 739788 418676 727456 668029
487034 608103 241499 491990 550268 836726 662337 642940 785888 417635 878275 351170 516778 767792 466681 892100 417022 315898 627747 95417 787275 635633 478877 391566 732162 440381 773567 340060 654488 661862 152584 366739 637686 215276 451688 684796 713862 526549 669997 452772 526433 837739 812042 650337 231820 800563 819885 0 818928 678174 637728 856533 353495 603053 515790 509574 879550 259836 726610 367376 564537 282872 337683 794571 650885 779395 700104 629322 402196 560084 135888 660606 827549 504795 458475 598674 559719 413226 825970 178385 724378 198553 920948 565024 75407 12321 367708 427487 244511 528538 756932 450866 636103 433878 513140 766346 590490 734445 448014 159979
739723 301410 577786 747904 1054647 393228 406000 175991 115852 559510 222456 562839 308130 376856 354641 518087 824578 865245 194488 767483 531905 554074 420019 823303 215653 763130 454533 528161 619564 492196 813776 985157 298984 704915 940013 290793 497953 651849 607565 418407 376751 296713 506468 533872 721213 403119 15370 818928 0 534350 181352 373035 725527 262979 1013755 1005663 201561 812170 169196 509873 322304 828569 547798 129598 168237 46249 283824 385289 422185 498941 694272 161145 444127 669764 790401 562067 971794 632470 237734 689638 496630 741824 463020 1068938 871637 807649 674701 421091 691013 471834 255641 533804 543570 734577 371923 411216 728397 431954 718293 666063
923208 264516 528219 300214 1152736 233015 768349 457145 608190 260922 740172 674687 488086 188902 412187 226790 416935 907646 484303 693012 936735 870779 265862 430755 654236 912588 871757 363864 92397 837999 772313 1004477 248953 468564 1033041 244116 872584 881045 930799 304732 627852 305169 930031 27889 461473 193446 522253 678174 534350 0 450370 849900 831121 320508 1111172 1103222 723507 503142 606507 338823 603215 502911 641816 414178 467257 533021 250539 160600 501200 777835 551446 437591 890748 226489 359686 85680 1113799 277197 342850 499861 63522 496439 945188 1168743 753068 672869 333243 344765 439860 169535 705572 229618 43834 887822 276460 834758 974275 121696 884168 603164
607245 186143 396837 606484 908143 393407 337902 7636 181731 404235 310801 401260 134659 347740 173781 512762 668668 702606 39297 588368 498377 467507 264908 664253 204309 621435 428132 354183 521340 418650 638185 821341 203380 528643 789689 225957 442686 531209 526932 253413 242450 323238 486231 440989 546665 384448 182260 637728 181352 450370 0 400046 571067 130880 866212 857971 299837 640087 159202 338748 194988 658108 381457 188769 19033 144490 229343 289779 244303 390033 513076 30283 441875 533644 641735 452124 834571 479220 276353 510284 432389 565199 495144 923133 691427 626505 514742 248062 516765 340442 255420 384428 445617 592783 219759 388725 617617 379587 579470 485954
555965 586142 641179 984757 874602 756450 200723 393065 261677 774973 168859 511615 412686 727052 505026 881733 1025614 761089 368770 774385 198564 309448 646009 1015561 195756 601158 133971 688947 921075 244985 784218 873594 601412 834812 782166 616041 212092 455716 335953 622687 334790 664904 160050 841022 859893 759096 388367 856533 373035 849900 400046 0 610748 530864 840207 833266 191831 957145 244145 684538 311156 980079 519726 495269 382740 346776 615415 689360 493313 325360 770471 412689 88462 918650 1010603 850633 771808 848514 606572 796679 827946 866257 95407 885685 881397 844220 871461 600837 833785 734216 144740 763359 845583 577756 607366 108217 494096 770306 555864 699649
133674 647284 311559 756871 339577 906870 412498 572360 647132 597414 692080 172587 439159 842594 457275 999980 720520 151091 541619 259276 484784 325838 569868 698276 558806 92658 496317 476037 845542 374374 217132 268290 680343 482081 219278 726372 421647 187578 342428 531286 350924 867991 518516 806592 509928 881260 733006 353495 725527 831121 571067 610748 0 612469 297164 288878 702106 580130 578661 497331 405199 606178 199626 759330 574577 679456 738432 718084 354689 285467 364711 601043 555236 736319 743985 772927 283369 634979 833546 426149 855285 490471 649484 355050 335536 343969 613936 491523 502627 661586 560394 616646 798186 80679 576251 505058 237933 836956 94925 270622
672822 56117 374830 488010 951692 299719 454118 138005 302916 296636 435268 440314 191284 241972 157209 408092 561603 727101 163796 572199 620003 570384 158035 560470 335163 677054 552789 279795 390485 529336 634774 841154 80044 456670 830599 117824 559314 609833 630779 162811 330053 256373 611097 310307 469432 280920 256582 603053 262979 320508 130880 530864 612469 0 909190 900910 421893 556081 289536 257530 294750 570739 413178 195422 148698 242856 127757 160329 258535 483734 469426 123472 570293 411897 528326 321908 889841 369511 229248 451044 306988 493774 625880 967289 666062 593107 412259 177317 439172 214899 386177 270996 314743 649238 109987 514943 700883 260221 639604 467335
286692 942553 582976 992749 42522 1201779 659310 867116 926756 863587 951852 469749 735610 1136560 753270 1291084 930698 208853 835302 449018 671062 530876 856754 905702 831229 251966 710153 748354 1114874 595795 369120 166537 975698 706972 79040 1022219 630137 386516 514291 819044 637036 1164996 711814 1085369 730796 1174917 1022302 515790 1013755 1111172 866212 840207 297164 909190 0 8286 965349 775105 858486 772563 691452 798575 496012 1054885 868695 967507 1034573 1008761 650894 535041 591278 896357 767232 987992 967278 1046061 92241 887705 1130673 654629 1140716 702615 853464 58300 457206 512246 855367 780180 733082 942689 823078 887812 1075271 280046 867702 732275 354000 1127248 298154 514938
279325 934297 575043 985686 50792 1193534 651890 858883 918830 855863 944339 461463 727340 1128332 744999 1282918 924148 201575 827088 442089 664821 524002 848645 899193 823424 244076 703411 740480 1107146 588754 362411 162954 967442 699935 70843 1013955 623389 379265 507978 810915 628933 1156712 705491 1077442 723860 1166696 1014187 509574 1005663 1103222 857971 833266 288878 900910 8286 0 957768 768738 850544 764646 683359 792288 487732 1046638 860474 959414 1026303 1000593 642619 527441 584069 888113 760590 980598 960470 1038243 90159 880251 1122389 647468 1132659 695817 847073 66532 451562 505904 848122 772032 725964 934698 815460 880001 1067377 272098 859512 725292 347907 1119092 290324 507335
679281 471488 643484 906061 1003227 594787 308107 292217 119072 703711 23317 565651 373850 576293 453406 719619 967194 851856 284061 810569 380214 452014 564735 961734 149174 715389 305530 643347 804112 384051 838933 970370 477889 810077 899005 480100 370200 581226 493659 551578 365140 497957 346144 719721 831256 603934 216512 879550 201561 723507 299837 191831 702106 421893 965349 957768 0 927378 156740 631572 318335 947319 562221 330923 280838 191137 475694 567373 481736 430337 771401 298938 276089 832243 941494 740541 907823 778769 438995 782638 691161 845167 271385 1015915 919012 867440 812553 541178 802344 636582 142636 684254 727450 688682 519390 265592 639611 628296 668752 719744
