NAME : TSP_INST
TYPE : TSP
DIMENSION : 100
EDGE_WEIGHT_TYPE : EXPLICIT
EDGE_WEIGHT_FORMAT : FULL_MATRIX
EDGE_WEIGHT_SECTION
0 243482 196347 736788 152092 390121 372711 140156 927494 183443 381059 735198 546708 761316 179263 516862 625331 257263 648153 228715 724726 156494 481846 727150 850993 539076 648214 335583 203437 750060 323939 602544 803655 858270 753447 421766 442755 538809 711661 138491 451366 220299 142488 731258 785285 45971 524000 514015 283022 592471 846801 153573 588337 856572 690245 349079 631539 495111 241917 399753 470486 177088 526314 612571 346795 764767 218874 302763 408639 695374 105030 479056 809919 185023 660939 848379 499048 851464 1007990 468575 961380 615387 363413 795394 319874 409887 530671 387838 176267 274549 563166 660541 705598 326283 712910 627440 582948 758285 260536 208300
243482 0 382278 964777 320753 629647 404942 286083 1071139 357610 586985 972709 666760 946156 403509 483102 821914 490684 537316 222870 963219 185865 723672 970492 1005576 749822 891492 575819 446727 816283 315662 770920 963687 963191 903677 360049 529233 754550 717967 240050 574989 217448 144303 772381 922545 206312 430160 532740 82056 791947 1003321 276444 800063 978739 912698 579804 874862 737350 482007 604762 710605 407605 551877 855028 265846 895080 159205 546129 614092 844146 162075 556444 973788 313009 877789 952212 689128 1006673 1153581 541733 1109326 858867 545877 917140 248859 266746 595799 244424 398367 396687 600368 648339 941496 202722 815536 703789 818334 972732 243108 432821
196347 382278 0 740060 320756 292003 561652 323209 1037984 339382 459796 707829 691014 836745 276681 711589 693164 153859 843432 227289 693494 351543 446554 657880 954432 591662 565465 248802 188677 913972 519576 704987 903826 998750 864612 618082 611188 582345 896731 146912 600251 416392 238986 905578 905795 199784 719728 700662 445777 658518 948612 113624 635191 985759 709240 381805 566849 406887 176654 477185 448291 261071 710971 520111 541309 891334 409044 272878 484168 810468 222339 649043 906123 365510 693319 989813 585578 954314 1114569 640805 1067195 542454 474845 926918 514571 597246 702856 574424 279150 443144 743478 850395 686039 514163 859601 790929 572680 789944 456808 293828
736788 964777 740060 0 650271 484621 748503 686763 546098 616309 389961 115394 544598 294648 562237 885449 246616 590674 1089119 937649 130870 795730 301085 272053 464289 239801 327812 505111 563190 736321 807520 375014 423253 657751 451169 898002 640496 223650 878881 835260 552569 807256 877971 798923 511293 782217 989112 785535 972247 248493 454253 821433 197492 595257 69631 387740 272299 401000 563425 375179 292996 560675 773997 367833 899006 531572 857171 467738 366305 447430 841152 657653 408253 674904 122098 657079 339702 461807 584878 667426 547314 304155 455973 572734 880994 996354 687176 984671 566962 628789 756323 898971 93858 935533 613355 672179 168585 115487 818183 532684
152092 320753 320756 650271 0 411561 246877 36560 780978 37385 266623 670427 394884 630629 113104 407361 502251 314358 570222 376440 663277 145592 441731 694609 707220 429447 630857 359278 225706 600339 229814 462369 661489 706333 607886 338427 293786 435254 576563 290541 299396 170123 275189 586226 636784 189109 446053 381873 321999 471688 703634 304233 479691 705957 595067 276353 600910 494758 280111 284198 421649 128230 391069 605452 291022 614953 210182 292746 293536 549070 239526 330970 669213 50722 558227 696395 370399 707892 862235 321665 816096 592367 228047 644553 266073 378740 383936 361263 105961 124477 422722 533568 636551 303246 560820 477333 514465 652417 196169 135524
390121 629647 292003 484621 411561 0 639974 438387 894098 401664 351179 430608 638931 655506 302111 806149 516418 143557 980613 517023 414447 524141 185108 366055 804695 409708 273778 54816 192789 881931 640643 577711 752710 909923 733924 749487 622714 389899 928582 424817 571683 572273 500702 901642 787241 423402 857101 754019 672978 484079 796781 398291 438422 876629 471244 240076 276492 114932 148218 360474 201507 284574 756004 230222 699608 784468 593896 127573 362269 691286 471648 658776 748877 460789 471565 903436 453861 803684 960618 657320 914424 250794 411671 826169 673584 780506 711366 760579 309197 490162 770882 905589 415017 699351 793628 768291 318265 559196 604439 289654
372711 404942 561652 748503 246877 639974 0 238518 691829 243035 376244 801996 290135 624373 340818 166248 535586 558584 354787 559035 800060 248485 622738 865414 639006 508706 820280 591550 466471 411493 94092 440700 605311 563346 537758 150705 141848 526425 339711 498498 218505 191910 444662 372937 543224 392157 242777 141932 352870 516225 638929 522151 552925 586747 682201 447997 778969 705498 521532 385480 595773 359747 156325 805163 183549 511312 246084 513716 392835 480608 419896 158541 619486 197871 634075 552135 412326 640717 773656 142764 732583 778516 299054 526590 180324 273737 191538 271029 334120 150916 199717 288753 764296 247544 417689 299888 653954 711937 161835 350353
140156 286083 323209 686763 36560 438387 238518 0 806224 71808 302328 706781 414229 662497 145396 393168 535981 333414 547525 355974 699520 109038 476297 729190 734242 465040 663913 385161 248891 610444 208321 491680 689399 724524 634062 315501 303135 471277 574582 276086 318482 136849 250224 591212 660685 170825 422699 377754 285487 505869 730979 293659 515265 727299 631331 312394 635150 525324 302043 319713 456815 158686 388801 637311 261430 637526 174057 322756 329054 574898 216123 339116 697765 44880 594128 714344 403517 735020 887886 328465 842096 625887 260505 665629 235738 346381 390527 328210 138440 136710 423961 527214 672997 269266 577822 488119 550819 687980 166192 169763
927494 1071139 1037984 546098 780978 894098 691829 806224 0 745881 579632 661269 406013 257582 768115 732751 380035 930600 905207 1155869 675662 887680 732196 814602 89865 484967 851145 883492 854851 380748 784770 333029 141501 197580 174473 818037 551544 506726 579184 1063219 496151 856596 1055849 467794 149216 968687 859643 622735 1035482 410749 98565 1068308 463598 129898 499632 674460 791047 862148 888563 563208 705195 780689 601388 878596 874690 180748 916963 805464 557227 232138 1020496 534253 147794 768061 465347 205717 455198 91244 82480 550192 42559 817018 568221 174709 871974 958777 515818 959765 767582 677227 554644 642264 634346 939207 291798 421019 630559 431163 840664 746458
183443 357610 339382 616309 37385 401664 243035 71808 745881 0 230598 639730 363969 593283 99590 407518 464972 315932 579280 410369 633171 179772 417329 669696 671308 393253 609422 351190 223437 575995 240486 425654 625218 675593 572415 349155 271807 399732 563193 321630 269153 196509 311222 566341 602492 222953 456485 371756 356269 434530 667584 332860 443473 673131 560107 247925 576944 478372 278498 247921 395690 117743 379038 586406 310649 581457 241540 278670 257262 513813 275120 309674 632693 64622 522465 665836 333027 671934 826906 301691 780614 570031 190684 611956 286973 401831 363596 385574 92562 104805 407061 524703 605276 329449 531155 452817 483892 616183 217611 115530
381059 586985 459796 389961 266623 351179 376244 302328 579632 230598 0 428441 289000 383465 203563 531203 244527 354222 729618 604733 425255 410035 262063 491686 494934 162853 456599 323941 275220 532083 422701 247092 444106 564756 407933 520081 303481 169569 599201 504825 233185 417514 522306 558009 453882 426604 618704 450089 586191 211424 488950 502885 213100 539235 330838 111120 409480 371714 311109 18714 231798 211187 445641 450880 511429 444878 468720 237872 27649 356974 484723 333976 446371 285990 291912 557470 125814 494746 655143 337228 607757 413846 79497 484412 492321 608280 381164 595738 205496 241886 447441 591074 391514 545674 442894 422156 277879 385814 428447 176718
735198 972709 707829 115394 670427 430608 801996 706781 661269 639730 428441 0 628180 408255 570699 949086 342095 554349 1151281 918942 18950 815085 262075 158327 578749 304751 226326 461843 545395 834420 850957 468555 536563 767464 560497 948068 707482 281688 965311 818280 622069 835583 872166 892032 621152 779033 1044729 855460 989724 335565 568743 799915 274839 706886 169259 395235 178320 330723 534403 417252 266404 565231 846086 272306 938188 639275 880532 444060 409501 551625 836709 729082 522169 702116 217387 766205 409605 576323 700095 737126 662704 211718 503165 681301 917898 1034228 764086 1020428 576420 670006 833795 978628 38452 967376 713546 761093 155963 230870 851709 542125
546708 666760 691014 544598 394884 638931 290135 414229 406013 363969 289000 628180 0 350506 415131 370322 300893 620562 568981 770024 632487 485489 539218 735107 349006 327061 722146 607520 529700 243139 381065 178103 315652 311632 247625 428362 148286 352971 337249 685184 95755 451022 663608 274761 256821 583465 491613 259086 629469 296258 348807 696714 353539 314197 475000 399626 667904 657818 576719 282748 507746 432125 242614 725696 473617 228322 511293 519842 283389 190928 630260 140410 330511 372493 422500 301875 225246 350671 488441 155471 445593 679735 230853 252347 468619 562655 149046 561013 412143 279105 215048 354743 590103 535641 168623 138023 509000 476323 434696 402405
761316 946156 836745 294648 630629 655506 624373 662497 257582 593283 383465 408255 350506 0 586453 720824 144090 712165 918550 987375 421538 760988 483836 558679 171363 249972 593615 652428 648341 476581 706415 183922 128627 367816 166589 771151 488108 266425 648188 888103 405871 747607 900163 551744 222980 806084 841232 609350 928443 178712 161506 886247 217144 302112 243014 456944 533554 611992 672990 364933 459050 594649 592168 621855 802258 249330 806351 582238 356786 185131 862891 489018 113974 633176 207909 368441 262318 169130 310747 503131 267246 559864 402609 286758 791825 896806 497864 891544 587883 555221 559358 687125 379158 856126 352522 445154 374722 183941 743469 560138
179263 403509 276681 562237 113104 302111 340818 145396 768115 99590 203563 570699 415131 586453 0 506214 448034 222785 678621 401183 562093 248254 332081 584755 687416 359845 518519 251677 128193 643738 339115 436959 638213 722069 593774 447952 350042 359709 650869 301716 326451 282141 321642 643824 631942 225203 555460 464286 419859 414680 682374 301928 409075 710104 512946 176348 490318 381781 182723 222261 314111 19470 469595 492418 404087 615963 316870 180285 230890 537911 284082 388144 642650 159897 482164 713141 325460 687586 846651 382671 799479 480557 200417 650793 379175 491426 442685 473527 7198 195025 492911 617498 538625 414637 583521 521671 415497 579296 309272 29598
516862 483102 711589 885449 407361 806149 166248 393168 732751 407518 531203 949086 370322 720824 506214 0 656258 721411 203751 673396 948796 371839 784572 1022844 697929 648042 982150 757433 630573 386695 193728 544279 674423 570027 603465 124524 245290 668669 240498 629670 333763 305748 560459 318637 592229 527594 126895 112915 411579 642693 700176 657745 687959 612040 817040 610852 938793 870970 685564 538078 756704 524935 132747 968912 217593 556011 340817 679964 544516 553155 543037 233905 691602 356905 766482 558664 545770 700212 810465 221465 775199 940005 452005 558457 234830 259558 225512 270984 499411 316956 178181 166026 910852 285391 441370 311809 806106 834943 265382 516500
625331 821914 693164 246616 502251 516418 535586 535981 380035 464972 244527 342095 300893 144090 448034 656258 0 568223 859402 849113 350184 639128 352437 473001 290178 107238 488356 510413 504615 492483 608165 128412 238793 437833 235694 686093 412066 126956 632684 748780 323800 633605 765991 552648 295685 670706 768128 550849 811468 34668 281758 745423 85616 386279 177971 312872 428545 482691 528912 225814 325166 454924 537298 508727 703543 306478 690208 438547 217146 213702 728473 423436 233139 511130 126024 434860 133465 288904 444251 434980 398264 450329 276451 349882 689764 800436 447077 792371 450023 442214 515121 655538 306070 750970 371537 425704 261552 178688 634922 420758
257263 490684 153859 590674 314358 143557 558584 333414 930600 315932 354222 554349 620562 712165 222785 721411 568223 0 880700 374786 539830 403214 293832 506530 843788 462657 416526 95647 94827 857518 541649 600188 792065 915685 761042 648799 571502 449482 873612 281300 539062 458447 358312 863460 808080 285676 755727 686363 539199 533772 837032 255452 502004 893198 564182 257062 414273 257632 43926 369137 297747 203325 692182 373766 587934 798674 471052 130851 374308 711128 330619 609424 791851 365050 552893 907799 475778 843294 1003504 604650 956275 391050 391039 837501 561149 661365 663859 640210 228582 417038 715548 839577 533326 578420 785613 737356 422377 647679 494457 224332
648153 537316 843432 1089119 570222 980613 354787 547525 905207 579280 729618 1151281 568981 918550 678621 203751 859402 880700 0 754461 1150502 491955 977122 1220026 880917 851347 1174505 929152 795539 533950 340407 745257 862584 726209 791542 232065 449031 871595 344007 736091 537470 428256 651287 451176 772843 646224 125072 310203 455577 846325 884255 769006 891638 778659 1020769 802108 1133737 1054985 849336 737687 950440 696044 326472 1157908 302363 735605 437664 857729 744539 745044 644550 436164 880772 520200 970232 715326 749420 883437 978632 424429 947696 1132929 651182 731078 328937 270623 420694 292926 671499 502484 361612 268293 1113156 342182 615223 489897 1006361 1038036 389093 693631
228715 222870 227289 937649 376440 517023 559035 355974 1155869 410369 604733 918942 770024 987375 401183 673396 849113 374786 754461 0 905960 310663 657197 881287 1079702 757838 790779 470255 375233 959778 485688 831147 1032339 1080488 981974 557369 654604 754540 894561 102603 674272 371997 114520 930810 1012853 187452 641093 699114 303858 815573 1075515 119813 805810 1082267 898031 556391 788557 631844 386118 623422 653613 394509 715068 746468 465307 991387 332840 475059 631990 923731 141565 688556 1038472 398916 873957 1070285 725614 1080177 1236538 676243 1189991 765822 591898 1020768 442761 485653 736712 462659 399527 492356 758202 832766 893774 413042 933618 839267 774938 971859 410174 428412
724726 963219 693494 130870 663277 414447 800060 699520 675662 633171 425255 18950 632487 421538 562093 948796 350184 539830 1150502 905960 0 807504 248767 141389 592435 307287 207406 446772 533207 841855 847183 475569 549533 778611 571698 945297 708236 283352 969734 805634 623523 829358 860900 898121 632480 768261 1042836 856518 981611 341921 582459 786728 280006 718883 180530 387383 159539 313256 520815 414744 254816 556072 847588 253376 933567 649798 873458 431482 407240 561167 825676 730657 535511 695985 226805 777125 412066 590056 715705 738344 677851 192941 501017 692085 912929 1029272 766704 1015140 567940 666239 836417 981534 44191 961517 721690 766337 149568 246205 846288 533768
156494 185865 351543 795730 145592 524141 248485 109038 887680 179772 410035 815085 485489 760988 248254 371839 639128 403214 491955 310663 807504 0 580233 832672 820579 572305 763551 469548 331352 653957 178890 585073 778181 788200 718905 268098 354577 579397 584678 257851 392012 66596 196210 620950 739655 157236 368212 388548 176549 610084 818140 286275 622442 799192 739878 420128 737898 619299 379618 427051 562242 258363 404408 733963 190302 713348 70117 417514 436377 659363 173172 385544 788085 128152 701939 777480 505840 821618 970014 372027 925322 726815 362677 737376 163390 258193 430521 237311 241776 211304 447974 525474 781584 175658 640141 535999 659162 795008 107604 274988
481846 723672 446554 301085 441731 185108 622738 476297 732196 417329 262063 262075 539218 483836 332081 784572 352437 293832 977122 657197 248767 580233 0 252900 642342 251554 197618 204615 285473 778058 650367 437349 591180 773718 582836 755845 565003 227138 860414 557027 494432 611777 614812 813268 640193 524016 860085 710179 749368 323548 633719 537976 268803 731226 286386 175160 159647 130487 272342 261897 31508 322320 706773 188877 727504 643559 648936 183239 258976 548189 580362 596021 584734 481949 289949 768719 324062 640967 793472 599007 748490 155807 339876 686779 704228 819094 642937 802444 338704 475287 709497 853006 239537 744967 674722 676374 133398 374707 634938 306534
727150 970492 657880 272053 694609 366055 865414 729190 814602 669696 491686 158327 735107 558679 584755 1022844 473001 506530 1220026 881287 141389 832672 252900 0 730024 409425 99038 411041 525065 957250 899762 592297 685535 908640 702655 1003535 791087 382803 1070112 785883 711552 864617 853652 1007101 763579 767120 1105986 939410 1000167 458619 720131 761760 394160 851764 315701 424038 95637 251670 498738 485749 274315 574400 933108 151054 979198 778190 901613 424388 480031 686636 821133 817837 672440 734274 356505 906397 509954 727751 856490 823432 818060 115499 571056 821185 956301 1071522 859170 1055106 591439 721791 928246 1073816 180442 997828 840754 872162 226138 387041 887253 559428
850993 1005576 954432 464289 707220 804695 639006 734242 89865 671308 494934 578749 349006 171363 687416 697929 290178 843788 880917 1079702 592435 820579 642342 730024 0 395323 763589 794853 769836 377831 729981 250483 52072 222430 102297 773060 497206 416912 570884 985235 432849 793938 982391 462821 108739 893205 824200 585598 974606 321042 10080 988799 373792 149540 414376 587115 703406 772327 802118 478037 615333 699188 565200 790067 822545 146231 854340 717702 471674 161604 946428 484916 58563 697911 377905 226683 369597 3181 160213 500711 112829 728854 488914 162835 817545 910472 474615 909583 687278 609285 522117 625946 550336 884485 268586 391046 541747 350780 781102 664707
539076 749822 591662 239801 429447 409708 508706 465040 484967 393253 162853 304751 327061 249972 359845 648042 107238 462657 851347 757838 307287 572305 251554 409425 395323 0 407218 403196 403055 549250 569077 190271 343468 524277 331317 658256 404317 27176 663893 656198 317841 576413 681304 597707 388732 584978 749599 551525 748065 74376 387251 650167 50247 479812 174524 209874 349506 381923 424219 145335 222594 364012 541632 420456 661678 393300 629450 332402 135996 297875 643706 424621 339183 446892 130561 519845 104863 394229 550976 433078 504719 366517 218755 436751 644678 759199 459467 748424 362868 392199 529183 674247 266312 701457 436358 463190 184466 222970 583953 331122
648214 891492 565465 327812 630857 273778 820280 663913 851145 609422 456599 226326 722146 593615 518519 982150 488356 416526 1174505 790779 207406 763551 197618 99038 763589 407218 0 322123 444794 954407 845711 596905 715974 925702 723621 952038 760065 380075 1050770 697556 686201 800620 769437 996808 783940 686169 1056874 906360 926179 467752 754018 671857 404059 874219 355077 372398 60234 158952 413083 454270 225794 506062 902237 52172 920034 794135 833335 347715 450149 699818 738255 789878 705108 673836 385814 922279 498905 761612 900309 793683 859201 42842 535483 837681 896013 1009590 835049 991986 525499 672328 902690 1047169 234572 933108 843512 860167 226974 436975 826273 495555
335583 575819 248802 505111 359278 54816 591550 385161 883492 351190 323941 461843 607520 652428 251677 757433 510413 95647 929152 470255 446772 469548 204615 411041 794853 403196 322123 0 138263 849572 588866 560243 742785 887775 719084 697623 581514 386125 887369 375542 535452 518325 448577 865128 770215 369509 805262 709093 618328 476902 787380 350731 437003 858309 484494 214858 318627 163798 93875 335423 213485 233535 712036 281134 646061 764962 539239 87773 338486 673476 418726 618251 740412 408976 478885 880772 435093 794047 952754 615891 906025 295604 377559 805763 619916 726213 671570 706171 258646 442831 729163 861436 442627 644869 766327 733542 336631 570585 550981 241652
203437 446727 188677 563190 225706 192789 466471 248891 854851 223437 275220 545395 529700 648341 128193 630573 504615 94827 795539 375233 533207 331352 285473 525065 769836 403055 444794 138263 0 764663 455252 522188 718725 829180 682859 563525 476733 394276 778856 273493 446101 380469 329986 769081 727102 242102 671023 592313 483702 469956 763655 258243 447054 810156 526834 193277 429638 292394 55062 291815 279161 108724 597781 409509 508729 715454 401136 102394 298217 630660 296445 514684 720161 276263 507566 820935 400246 769576 930040 509835 882662 412399 302412 753085 482410 587990 569144 567910 134177 322955 620750 745540 519082 506609 696136 643895 399707 604909 413876 130016
750060 816283 913972 736321 600339 881931 411493 610444 380748 575995 532083 834420 243139 476581 643738 386695 492483 857518 533950 959778 841855 653957 778058 957250 377831 549250 954407 849572 764663 0 501663 366424 377453 192599 314382 495727 307330 576333 198640 886396 318564 602493 847195 87047 272357 780238 509089 293261 760315 500523 383964 903551 564142 251006 669379 642766 897947 899333 814007 525349 746559 661990 271746 961984 573534 236731 657575 761805 525527 294293 818302 271702 397782 565682 618222 181941 456205 380825 448581 283564 422298 912689 472050 215397 579878 639471 223478 646658 639723 476023 220526 266238 797932 643817 124664 123178 733669 645298 573233 635148
323939 315662 519576 807520 229814 640643 94092 208321 784770 240486 422701 850957 381065 706415 339115 193728 608165 541649 340407 485688 847183 178890 650367 899762 729981 569077 845711 588866 455252 501663 0 522575 694722 657217 628234 108859 233410 583874 409638 436603 302676 113975 371513 456975 635888 333894 216458 218040 259613 585761 729540 464165 615959 680750 743596 476026 809487 718624 509265 434995 626015 356137 236542 825162 95930 604492 159336 519051 443319 570333 351473 252488 708204 179902 697870 645982 479483 731596 866771 236770 825264 805268 351624 620471 87564 192272 284610 185246 331949 180962 284706 347351 814191 154615 511767 392918 698445 780989 76015 355836
602544 770920 704987 375014 462369 577711 440700 491680 333029 425654 247092 468555 178103 183922 436959 544279 128412 600188 745257 831147 475569 585073 437349 592297 250483 190271 596905 560243 522188 366424 522575 0 201512 336516 160922 588271 306132 217206 504891 735575 222236 567274 736598 424401 209988 645567 661731 435076 748724 134172 245439 738502 198229 298919 306332 346775 538558 566279 557526 231239 406945 448729 419684 610680 618385 207556 626715 478339 225881 113577 700073 310534 207414 458684 254181 331377 125304 250629 410089 323772 362802 556560 239322 250209 608220 712892 326906 707657 436889 375944 393037 530541 431746 672868 248491 297639 371717 298972 561224 414281
803655 963687 903826 423253 661489 752710 605311 689399 141501 625218 444106 536563 315652 128627 638213 674423 238793 792065 862584 1032339 549533 778181 591180 685535 52072 343468 715974 742785 718725 377453 694722 201512 0 243818 71108 743258 463616 365309 564050 937069 394369 754036 936439 459440 106594 846329 799674 561552 935286 269253 44985 939921 322963 175078 370008 535285 655744 721320 750509 427023 563931 649599 541906 741270 788456 140752 814309 665757 420509 124746 900204 454494 20392 654135 331075 245824 318521 51316 211515 470038 164224 680548 440739 169802 782179 878282 449290 876338 638264 567003 501470 613850 506782 848761 259852 374048 492739 312032 742960 615035
858270 963191 998750 657751 706333 909923 563346 724524 197580 675593 564756 767464 311632 367816 722069 570027 437833 915685 726209 1080488 778611 788200 773718 908640 222430 524277 925702 887775 829180 192599 657217 336516 243818 0 206967 669884 434375 550499 389873 996759 406937 745783 972465 278210 146465 894521 695211 467183 916041 458311 231173 1008269 521646 73404 598280 672975 866113 902795 871884 552415 743424 738006 445166 943497 738998 131584 804448 802538 549321 226582 939994 407086 262863 681826 552878 11424 456676 225607 257999 422168 236666 886890 526969 88021 741182 813815 373426 818367 719718 588253 394690 458809 734745 807517 148061 266527 698729 551157 722511 706401
753447 903677 864612 451169 607886 733924 537758 634062 174473 572415 407933 560497 247625 166589 593774 603465 235694 761042 791542 981974 571698 718905 582836 702655 102297 331317 723621 719084 682859 314382 628234 160922 71108 206967 0 673845 395910 355958 496254 888876 330554 691686 883020 393814 60928 794974 728877 490625 872312 260303 101313 893835 321076 150625 391321 506808 663636 713238 718435 392161 553850 606536 470895 744378 721215 82751 752095 638370 386747 59543 847370 385154 89415 597001 346379 205934 285546 103676 254567 400820 208213 685946 393767 121773 715790 809985 378488 808613 593178 507680 430369 544032 527880 782645 193134 303427 497097 346740 678832 572406
421766 360049 618082 898002 338427 749487 150705 315501 818037 349155 520081 948068 428362 771151 447952 124524 686093 648799 232065 557369 945297 268098 755845 1003535 773060 658256 952038 697623 563525 495727 108859 588271 743258 669884 673845 0 283368 675216 364302 522326 366421 202008 446484 435221 672087 425185 107638 203399 287215 666930 773956 552794 703084 704101 832174 580909 914395 826943 617273 530818 730689 464995 225354 932600 94275 637796 225387 627800 538638 618850 432822 288768 758658 288714 784421 658462 562889 775023 898318 273235 859856 911221 445222 646806 114662 144137 302421 151190 440790 281791 276571 290537 910724 160883 531910 404242 797678 862634 161308 464334
442755 529233 611188 640496 293786 622714 141848 303135 551544 271807 303481 707482 148286 488108 350042 245290 412066 571502 449031 654604 708236 354577 565003 791087 497206 404317 760065 581514 476733 307330 233410 306132 463616 434375 395910 283368 0 425977 305953 579160 88550 311802 543381 294968 402546 473227 356764 148666 486108 397535 497086 596280 443029 450790 571900 399442 712095 666933 529626 306511 535100 369246 142324 753427 325349 371600 371082 495862 311532 338880 513054 38174 478022 258416 521214 423513 301042 498901 633671 34730 591901 717294 225150 389672 320850 414786 92696 412780 344980 169314 148281 288363 669086 388008 286457 185115 569315 590663 291067 347578
538809 754550 582345 223650 435254 389899 526425 471277 506726 399732 169569 281688 352971 266425 359709 668669 126956 449482 871595 754540 283352 579397 227138 382803 416912 27176 380075 386125 394276 576333 583874 217206 365309 550499 355958 675216 425977 0 689442 652437 340393 586462 681280 624304 413942 584779 768166 573791 755681 96502 408597 644933 52869 505062 161631 201329 322330 357625 412275 153381 198924 362436 564438 393697 675478 419336 638237 318707 144226 323971 643750 447451 360079 455492 123275 546203 129172 415696 571077 455440 525191 339440 232333 462842 657739 772882 483548 761469 363214 405347 553243 698539 243250 713198 463528 489502 157488 219643 595709 330513
711661 717967 896731 878881 576563 928582 339711 574582 579184 563193 599201 965311 337249 648188 650869 240498 632684 873612 344007 894561 969734 584678 860414 1070112 570884 663893 1050770 887369 778856 198640 409638 504891 564050 389873 496254 364302 305953 689442 0 838030 366081 522680 780100 111801 462914 731843 344257 197819 649756 631802 576155 861846 690528 449577 809579 701725 998895 968961 832699 598521 829541 670312 185812 1049200 455231 425801 567639 801814 601710 463294 757626 269921 583928 531359 757059 379580 560694 573755 646993 271484 620865 1007986 524679 410728 469413 498675 218693 511151 645228 458735 158419 80421 927290 524528 304257 207427 844103 801377 485637 651286
138491 240050 146912 835260 290541 424817 498498 276086 1063219 321630 504825 818280 685184 888103 301716 629670 748780 281300 736091 102603 805634 257851 557027 785883 985235 656198 697556 375542 273493 886396 436603 735575 937069 996759 888876 522326 579160 652437 838030 0 589857 324013 95888 864289 922241 106938 616219 640397 310153 715017 980698 36424 703896 994555 795428 453873 692165 538804 287917 523458 552427 293858 654362 655038 436056 902399 299393 374223 531873 831301 91688 614842 942465 320744 771525 986870 627082 985589 1143183 603734 1096344 670698 496380 933495 410774 476455 665471 453155 300592 412092 693992 781948 792500 396274 851352 764195 673085 869427 364715 328134
451366 574989 600251 552569 299396 571683 218505 318482 496151 269153 233185 622069 95755 405871 326451 333763 323800 539062 537470 674272 623523 392012 494432 711552 432849 317841 686201 535452 446101 318564 302676 222236 394369 406937 330554 366421 88550 340393 366081 589857 0 361307 567998 329994 347723 487782 444444 233715 541757 308988 431425 602010 355224 409387 483778 337956 635886 604000 495647 232618 463665 344298 224068 683278 397939 321564 421735 447918 236171 271402 534538 107171 406873 276924 432890 397014 213711 434179 578592 115263 534492 643362 160846 347589 389520 491345 148849 486954 322846 183736 216987 362363 583623 455470 262016 198771 487586 502296 348636 316704
220299 217448 416392 807256 170123 572273 191910 136849 856596 196509 417514 835583 451022 747607 282141 305748 633605 458447 428256 371997 829358 66596 611777 864617 793938 576413 800620 518325 380469 602493 113975 567274 754036 745783 691686 202008 311802 586462 522680 324013 361307 0 257676 564426 707586 223768 303803 328436 181599 606746 792249 352818 625873 761744 748064 444359 771024 661810 431448 433101 591265 295478 345490 774139 129545 679193 60429 459169 442236 632353 237687 339275 765347 133490 706960 734821 500429 795202 939075 324753 895474 762370 359908 700256 102704 209625 380240 191387 275133 192556 391168 461321 800702 133245 598091 487649 679928 796966 41020 305628
142488 144303 238986 877971 275189 500702 444662 250224 1055849 311222 522306 872166 663608 900163 321642 560459 765991 358312 651287 114520 860900 196210 614812 853652 982391 681304 769437 448577 329986 847195 371513 736598 936439 972465 883020 446484 543381 681280 780100 95888 567998 257676 0 816773 910803 96520 534438 584598 215169 733500 978754 132312 730680 977234 832398 490603 758611 612195 356361 540948 606084 319451 600610 729704 356066 887738 221120 432294 549942 824111 37609 576574 943811 291118 803421 962080 637943 983051 1137268 563895 1091216 739669 499170 915498 332378 386810 623852 363495 318442 384618 643993 718778 843756 309272 824974 727420 721777 900772 296260 350766
731258 772381 905578 798923 586226 901642 372937 591212 467794 566341 558009 892032 274761 551744 643824 318637 552648 863460 451176 930810 898121 620950 813268 1007101 462821 597707 996808 865128 769081 87047 456975 424401 459440 278210 393814 435221 294968 624304 111801 864289 329994 564426 816773 0 355956 757369 435904 239947 710908 556468 468574 884433 618278 338045 730615 666236 942198 929451 820805 554007 781855 662815 220505 1000294 519272 319442 615914 777740 555597 366987 790437 256866 479609 546457 678568 267846 498753 465763 535192 264792 509332 954444 490246 301188 528868 576773 202745 586152 639038 462532 173271 182906 854711 589886 200732 136931 781470 713812 531527 639153
785285 922545 905795 511293 636784 787241 543224 660685 149216 602492 453882 621152 256821 222980 631942 592229 295685 808080 772843 1012853 632480 739655 640193 763579 108739 388732 783940 770215 727102 272357 635888 209988 106594 146465 60928 672087 402546 413942 462914 922241 347723 707586 910803 355956 0 825412 718881 480541 886285 319084 113362 929191 380770 91123 452043 556447 724022 770388 764982 439117 610788 645784 459737 804038 726383 37493 767926 687914 434434 97034 875955 386261 126954 621541 407301 146034 335161 111456 231621 402194 189382 746006 431620 64217 723197 811666 371044 812045 630790 529874 415352 517212 588702 790412 159880 283253 557231 405379 691449 612229
45971 206312 199784 782217 189109 423402 392157 170825 968687 222953 426604 779033 583465 806084 225203 527594 670706 285676 646224 187452 768261 157236 524016 767120 893205 584978 686169 369509 242102 780238 333894 645567 846329 894521 794974 425185 473227 584779 731843 106938 487782 223768 96520 757369 825412 0 523651 534088 254878 637970 889203 130645 634275 895062 736058 394603 671634 531245 275697 445283 513671 222978 547762 648969 343898 803986 209738 343221 454210 736567 59118 508565 852980 215038 706901 884448 543767 893741 1049532 497237 1003096 654428 406862 833638 317523 397510 558840 374745 222126 307483 587091 677052 749871 314379 748240 658339 627445 804256 264787 254269
524000 430160 719728 989112 446053 857101 242777 422699 859643 456485 618704 1044729 491613 841232 555460 126895 768128 755727 125072 641093 1042836 368212 860085 1105986 824200 749599 1056874 805262 671023 509089 216458 661731 799674 695211 728877 107638 356764 768166 344257 616219 444444 303803 534438 435904 718881 523651 0 238604 350436 751787 826274 648319 792449 738601 921963 684938 1017960 933770 724648 628218 834275 572582 259154 1038504 180291 682770 316849 735155 635607 677478 525135 352215 816531 396344 872775 683894 650645 826446 937254 338264 902094 1015738 541826 685315 206221 170965 350392 189894 548306 384859 305035 264048 1006981 228763 568203 438676 896544 946373 264288 571454
514015 532740 700662 785535 381873 754019 141932 377754 622735 371756 450089 855460 259086 609350 464286 112915 550849 686363 310203 699114 856518 388548 710179 939410 585598 551525 906360 709093 592313 293261 218040 435076 561552 467183 490625 203399 148666 573791 197819 640397 233715 328436 584598 239947 480541 534088 238604 0 471139 539642 587682 664032 588506 504515 716426 540952 859452 807032 647005 454160 680807 483714 22021 897785 280987 444678 377369 626449 459508 440276 560969 127968 578693 335207 665010 455760 447389 587841 701453 118453 665045 863692 370907 449185 289243 347532 112652 353733 458154 269365 73193 153228 817032 351533 332649 203340 717978 729171 293484 468488
283022 82056 445777 972247 321999 672978 352870 285487 1035482 356269 586191 989724 629469 928443 419859 411579 811468 539199 455577 303858 981611 176549 749368 1000167 974606 748065 926179 618328 483702 760315 259613 748724 935286 916041 872312 287215 486108 755681 649756 310153 541757 181599 215169 710908 886285 254878 350436 471139 0 783425 973113 346369 798102 936754 916348 594491 904756 776073 524844 602995 733298 427536 491333 892919 194538 856817 122101 578487 612302 813117 223725 509555 946786 301566 877994 904863 678007 975929 1117906 494181 1074877 891340 535653 875764 182090 184954 544141 162904 413829 373260 541310 577574 956749 126619 769697 652485 833985 970441 195106 447872
592471 791947 658518 248493 471688 484079 516225 505869 410749 434530 211424 335565 296258 178712 414680 642693 34668 533772 846325 815573 341921 610084 323548 458619 321042 74376 467752 476902 469956 500523 585761 134172 269253 458311 260303 666930 397535 96502 631802 715017 308988 606746 733500 556468 319084 637970 751787 539642 783425 0 312917 711311 64588 410151 178863 278233 408506 454027 494342 192722 295420 421201 527179 485450 680640 326742 662616 404266 183892 232088 695944 411713 264807 482378 126489 454646 106873 319919 476655 422380 430355 428611 247779 370328 666002 777870 439077 769084 416823 416462 508028 650479 298319 726196 382266 426193 240978 195772 609566 387162
846801 1003321 948612 454253 703634 796781 638929 730979 98565 667584 488950 568743 348807 161506 682374 700176 281758 837032 884255 1075515 582459 818140 633719 720131 10080 387251 754018 787380 763655 383964 729540 245439 44985 231173 101313 773956 497086 408597 576155 980698 431425 792249 978754 468574 113362 889203 826274 587682 973113 312917 0 983933 365061 158529 404508 580224 693846 763616 795492 471921 606849 693950 567429 780696 822424 150753 852624 710621 465444 160025 942684 485539 49291 695005 368282 235183 363428 7625 166530 501287 119246 719395 484319 169479 817098 910836 476357 909690 682328 606838 524854 630347 540397 883958 273163 394367 532444 340707 779907 659423
153573 276444 113624 821433 304233 398291 522151 293659 1068308 332860 502885 799915 696714 886247 301928 657745 745423 255452 769006 119813 786728 286275 537976 761760 988799 650167 671857 350731 258243 903551 464165 738502 939921 1008269 893835 552794 596280 644933 861846 36424 602010 352818 132312 884433 929191 130645 648319 664032 346369 711311 983933 0 696962 1003505 784050 444615 668837 512909 266430 521348 535188 291952 677260 628219 468031 910601 331580 356512 529463 836945 126037 632628 944554 338538 762270 998584 626808 989036 1147569 622119 1100523 646335 500203 942845 442385 511115 684183 487847 301670 427771 715476 807666 775293 430329 863996 780841 657357 860071 393757 326626
588337 800063 635191 197492 479691 438422 552925 515265 463598 443473 213100 274839 353539 217144 409075 687959 85616 502004 891638 805810 280006 622442 268803 394160 373792 50247 404059 437003 447054 564142 615959 198229 322963 521646 321076 703084 443029 52869 690528 703896 355224 625873 730680 618278 380770 634275 792449 588506 798102 64588 365061 696962 0 471563 129517 253979 344563 398555 465039 195552 242709 412684 577425 423317 709203 390077 679264 371175 186211 295934 693098 460771 315993 496808 81942 518249 142249 372354 525017 470242 479789 365442 267196 433625 692690 806744 492164 796387 412260 440416 561682 705645 236986 750161 446610 486392 177093 172727 632712 380160
856572 978739 985759 595257 705957 876629 586747 727299 129898 673131 539235 706886 314197 302112 710104 612040 386279 893198 778659 1082267 718883 799192 731226 851764 149540 479812 874219 858309 810156 251006 680750 298919 175078 73404 150625 704101 450790 505062 449577 994555 409387 761744 977234 338045 91123 895062 738601 504515 936754 410151 158529 1003505 471563 0 538383 643915 814211 861363 849796 525228 701739 724846 482744 894878 766998 94703 821487 775063 521045 185349 943408 428264 193178 686269 495261 79090 423392 152706 200021 443989 171293 836566 510956 61854 766734 846828 402429 849552 708454 593107 434132 513976 675409 833774 172214 301185 647721 486052 741816 691959
690245 912698 709240 69631 595067 471244 682201 631331 499632 560107 330838 169259 475000 243014 512946 817040 177971 564182 1020769 898031 180530 739878 286386 315701 414376 174524 355077 484494 526834 669379 743596 306332 370008 598280 391321 832174 571900 161631 809579 795428 483778 748064 832398 730615 452043 736058 921963 716426 916348 178863 404508 784050 129517 538383 0 342554 295925 401115 533219 314963 271453 513199 704697 388364 836035 470046 799532 436641 305837 383143 795171 588496 356740 616820 52544 596960 271629 412130 545546 598446 505195 324796 392849 512042 818748 933531 617614 922501 517159 566241 686726 829342 137075 874711 547129 603069 155606 88996 757203 483371
349079 579804 381805 387740 276353 240076 447997 312394 674460 247925 111120 395235 399626 456944 176348 610852 312872 257062 802108 556391 387383 420128 175160 424038 587115 209874 372398 214858 193277 642766 476026 346775 535285 672975 506808 580909 399442 201329 701725 453873 337956 444359 490603 666236 556447 394603 684938 540952 594491 278233 580224 444615 253979 643915 342554 0 333552 267567 216495 120941 149990 173186 539250 358242 555494 550311 486444 131583 123654 459506 453616 432964 534820 312000 317796 666046 221485 586561 746620 434041 699442 330910 177337 590951 533023 648771 483035 633121 181731 300127 546755 687514 362543 577375 553716 531247 239558 415675 464509 147283
631539 874862 566849 272299 600910 276492 778969 635150 791047 576944 409480 178320 667904 533554 490318 938793 428545 414273 1133737 788557 159539 737898 159647 95637 703406 349506 60234 318627 429638 897947 809487 538558 655744 866113 663636 914395 712095 322330 998895 692165 635886 771024 758611 942198 724022 671634 1017960 859452 904756 408506 693846 668837 344563 814211 295925 333552 0 164929 404508 405587 183722 479542 854419 95706 887147 734578 807042 328776 400793 640466 725866 740742 644915 641566 325700 862803 443565 701438 840710 745256 799384 33403 488900 778098 863867 978656 784556 961883 497075 633147 852812 997857 180624 904137 785822 805868 167531 379111 794544 465488
