NAME : TSP_INST
TYPE : TSP
DIMENSION : 100
EDGE_WEIGHT_TYPE : EXPLICIT
EDGE_WEIGHT_FORMAT : FULL_MATRIX
EDGE_WEIGHT_SECTION
0 858497 400121 721198 742244 178444 215144 503276 826966 733770 801866 248566 489686 843548 377457 1075588 123590 769437 752918 476122 209844 996823 871672 590622 578113 1024511 582286 238746 235554 514865 664105 810845 185204 240372 811803 659526 575611 607822 693011 874618 717054 373626 376135 192285 108289 396654 297486 852393 141256 164259 585337 470694 902557 650530 869572 19907 496256 446719 75598 794764 145593 426377 860905 609077 718316 722093 197687 690698 919530 378664 222103 429718 679653 119432 360882 689479 9273 624650 642595 829091 359218 451007 689609 773745 852875 40346 708505 629149 789811 760333 293345 80609 322270 280310 474209 593688 452060 558997 238112 524999
858497 0 723603 419233 384762 875399 643354 358329 723799 512122 314374 658178 633957 393791 536855 235795 805170 174686 287283 809927 1042994 146221 471707 517900 290668 204473 286306 621441 878461 582373 724068 47653 889683 1059264 409986 203862 690115 289278 415683 247377 498347 863590 615240 815155 759076 801530 592028 114557 883793 733622 590856 660700 194819 217268 314652 866458 802998 420891 830781 129153 859644 533898 9013 700057 318216 139228 703524 571908 180367 590697 644908 473751 488430 958737 501511 183707 854752 746463 707428 447948 632309 682967 724970 701543 176516 898239 497051 612718 558910 391456 846392 939047 546307 595775 840622 338687 717600 605328 821075 789007
400121 723603 0 801372 803186 557800 336186 413255 1023339 385816 530317 464077 702993 893747 221236 884339 470506 719884 763680 112038 596470 828453 950808 732397 449558 824732 537472 312345 606882 168637 264628 681881 568909 631801 875187 531516 178458 592923 773730 851824 836382 715687 122377 539586 393948 78014 449082 665390 302918 442679 218205 700497 849162 581372 878628 419741 121330 457513 325683 613789 280938 569778 729763 839362 746197 591915 231399 848715 703867 149400 283080 271428 345479 512797 327385 616514 390960 872487 244049 906575 114229 62114 915866 972887 801118 417398 828369 815650 924487 822575 641610 446630 411438 259603 789134 385905 52020 750489 183210 809164
721198 419233 801372 0 39238 651700 543286 407948 308942 788515 655404 472840 295040 126710 580886 633011 619194 244892 132649 911614 843738 543768 154319 153628 417814 617374 293827 543027 628515 733628 929461 395030 662851 845604 91429 391298 860794 233011 28949 234062 79166 553806 679796 591001 613937 866969 428124 512372 810276 558831 780582 325865 297198 297243 186545 719322 915488 344243 732038 485493 793239 294943 413287 304087 102921 387976 656338 155839 592794 653359 578581 540418 740822 780623 476470 292474 722073 346855 906430 109943 687296 791483 311425 282664 270435 759461 78544 212254 150795 47117 571349 793939 425787 563772 491222 528690 822855 235636 805689 420664
742244 384762 803186 39238 0 679965 557951 402002 339958 771604 630932 494826 330038 101332 582019 595421 643633 211506 97512 912396 871294 506601 147680 188505 404667 581055 282988 555473 658905 727630 920642 362757 691494 874376 73175 370847 854597 221799 55569 194895 115923 588672 681039 618701 634380 870690 446640 480960 826340 581341 771669 360888 258000 277667 149531 741260 915296 348704 749603 456771 808467 317702 378509 343297 75283 362139 667916 194183 560244 654290 590592 538244 725586 805919 481466 268438 742699 386086 898013 103846 689580 790289 349801 316961 232041 781032 116387 251462 177213 19538 603453 816397 439362 572008 528660 514648 822357 272915 816291 459001
178444 875399 557800 651700 679965 0 278146 544524 696705 850980 881711 217334 378320 778304 477967 1105573 92146 755703 713144 644533 192699 1020185 791404 504563 621908 1060615 589129 311039 57793 646017 816046 828748 14713 194709 742746 691916 725693 596987 625968 840421 629151 201687 507372 62375 169926 565916 283718 892473 319371 152678 718794 352513 880234 658481 821305 160375 663369 455768 249274 836450 323745 369299 875986 475805 673897 748505 331610 586316 968046 502147 315210 515230 793666 148064 418847 694406 186916 481887 793118 752308 493965 601428 552971 644784 833277 190073 621083 516022 689251 695865 124089 199312 334723 372304 309151 666788 608497 450557 411820 371335
215144 643354 336186 543286 557951 278146 0 289141 710566 575426 606975 127895 376493 658350 201730 861720 188209 559285 553998 442920 408808 782063 697438 435852 365054 811628 369016 33164 310464 381420 569099 595702 292439 431241 630321 444969 479132 399165 514352 670820 555733 390940 250280 235977 121421 375178 125156 639882 269046 128884 454007 369802 693847 436479 672929 223633 456136 235550 197195 582409 250540 262880 645771 511914 522924 507160 122429 548392 709582 237989 53107 237308 517510 320276 149146 475653 211541 541525 544815 653220 242181 362173 590998 658137 643721 254966 547163 501975 637953 577035 324646 295709 119017 97364 454831 393185 379543 432782 270533 473082
503276 358329 413255 407948 402002 544524 289141 0 677391 409694 354937 332469 427397 485652 197200 572587 464240 310232 351836 517931 696159 493758 548560 386279 77476 522766 124634 264728 559963 325862 522330 310986 559222 716218 471147 156420 452981 182753 383063 439952 459402 585446 291991 489181 408691 486589 268163 351482 526511 394121 373870 442134 443572 172101 465474 512642 518475 115355 472547 294322 502772 282642 361653 546230 338136 219904 346393 494711 424129 264924 286722 141857 354726 608823 143436 210061 498960 590184 499003 505616 304556 392228 606319 633887 393991 542469 452566 488427 547853 420707 545542 583453 211107 238028 601137 152521 425536 441198 472937 578717
826966 723799 1023339 308942 339958 696705 710566 677391 0 1079314 961078 598968 340136 348911 815275 924129 705508 551431 437234 1135268 879496 838343 286554 295305 705778 915722 581829 723608 651991 991065 1193589 702703 702501 867756 321191 693391 1116150 525309 320788 505840 233358 524308 909036 649334 734082 1077218 585747 820729 948003 668777 1047535 356459 573880 599694 438912 817853 1143703 583892 863857 794379 937807 454271 717219 220953 411749 695761 832985 182680 900189 885137 758550 790220 1027804 844032 700850 599492 831176 220902 1169426 288984 911420 1027672 145814 53324 561094 857976 237425 208926 165557 332343 580894 882411 613184 765678 419626 815967 1054996 277857 979672 339559
733770 512122 385816 788515 771604 850980 575426 409694 1079314 0 211369 678798 833510 831825 373729 584807 759070 601234 693560 410887 943032 559167 906142 793740 373669 524621 498241 542279 885889 225243 235515 489067 864778 974111 829748 403087 246488 557044 768334 726765 852142 952445 358556 811388 683181 448497 629132 410873 672566 704309 168120 845325 693800 494273 779587 750979 393418 520255 669121 383053 647902 686129 520774 955671 697781 431123 536319 897618 407475 355308 535837 348177 58739 853171 458475 509772 725708 999189 227606 868416 376643 323934 1015732 1038616 658217 762040 846384 897182 937308 787601 895105 798228 570086 479085 990276 263433 346683 850843 560642 979157
801866 314374 530317 655404 630932 881711 606975 354937 961078 211369 0 679934 770019 673159 425194 376379 794445 435401 541477 585817 1009105 347863 750775 697383 287555 315671 392940 575638 904728 363117 443015 300916 896327 1034993 678451 269443 434794 440968 640603 548179 727881 940040 458359 831446 726935 604124 618739 205140 775478 729049 338520 788547 505542 361828 608387 815929 572381 468285 749964 190313 749820 631882 323343 874907 555714 269159 610459 786341 196528 443114 582557 372951 208465 918396 462957 363001 795269 921133 431687 717969 478216 474328 922645 927110 476832 836482 723653 802450 806040 644060 897032 876242 559278 522964 954176 215025 504872 769658 679750 926003
248566 658178 464077 472840 494826 217334 127895 332469 598968 678798 679934 0 259499 595983 311835 888319 153740 543517 512303 570334 392031 802857 623124 343824 409100 843809 371995 154321 227544 499795 692973 611454 231725 403936 563670 475763 603707 382820 444795 637287 469608 274083 374589 158342 142717 501155 66461 676586 351809 86713 571237 248394 671822 441462 626365 246552 583870 238551 268700 621094 339770 177906 658862 391755 475601 531454 244003 448623 753468 359565 181002 330994 620106 316394 222840 477807 249858 418196 668466 580531 368095 488982 472121 545834 623563 286620 461023 393319 545037 512635 218738 321572 121540 216649 328420 465851 507202 322683 383705 345347
489686 633957 702993 295040 330038 378320 376493 427397 340136 833510 770019 259499 0 419115 511956 867893 370833 473424 392414 813445 569946 776705 419400 141588 483765 837789 383194 393651 345033 699800 902596 595045 387158 566152 381285 511527 818267 352066 274662 516302 256038 258777 597005 323138 394197 749828 254698 694210 607947 329197 764702 30852 570779 435657 479372 481965 824323 313628 523851 648997 597687 147919 631065 136385 350623 544275 498366 208011 778294 575984 427006 502953 776574 520129 398421 457630 493347 171835 877856 383658 595854 716392 214519 286861 532153 522592 248562 140103 310944 342029 281695 550023 294244 443565 208104 579810 740118 72248 642331 158216
843548 393791 893747 126710 101332 778304 658350 485652 348911 831825 673159 595983 419115 0 672665 577394 744192 237855 139256 1001507 970206 493978 78445 278794 477015 573425 362259 654973 755149 808340 995925 383568 789513 972290 38465 429029 934416 302903 152626 158155 173184 677306 771370 717471 735707 963100 547928 501628 927024 682428 847490 449769 225954 341393 90008 842472 1003232 443997 850679 488518 908887 418599 386068 409081 147770 406322 766810 249581 574127 744384 689826 625352 789794 906159 576307 322088 844025 447167 974072 59943 780996 877351 397452 341061 220180 882293 178299 319782 187409 83394 697427 917534 539534 669002 608835 583479 910176 355777 914432 534451
377457 536855 221236 580886 582019 477967 201730 197200 815275 373729 425194 311835 511956 672665 0 728119 386436 507359 543778 330736 586159 659318 729669 520887 247927 672286 319253 168607 512175 190677 391256 491493 491949 613835 653956 334633 306339 372845 553509 636961 618828 585362 99029 437706 312179 291299 272450 502065 358689 330609 260396 515442 640076 368934 659982 392282 334967 238280 325189 445502 333303 368806 541676 646118 525242 398704 185854 636743 558753 72477 164032 63275 315954 495259 115042 406177 370588 683790 366486 685495 108639 213343 718377 766519 590773 411404 611009 610846 707497 601389 523777 451056 220079 105664 635725 224169 242957 549844 284314 638673
1075588 235795 884339 633011 595421 1105573 861720 572587 924129 584807 376379 888319 867893 577394 728119 0 1031815 398296 501347 953427 1267348 91291 649264 746953 497580 60874 518583 836847 1111232 724639 818902 279542 1120019 1285661 602955 417216 809294 525046 634717 419248 711341 1099366 791098 1046240 980678 961366 821879 226142 1085355 960483 711139 895173 351527 450868 488251 1085213 941966 649805 1040605 283282 1060298 769561 237630 926487 537952 357476 906941 788735 182668 769782 856374 665641 584499 1180954 714778 419053 1071039 972171 808029 636617 809980 834135 944072 909174 364462 1114491 711484 836922 759113 597767 1081151 1155507 772905 802662 1075227 507886 867007 835648 1008776 1021471
123590 805170 470506 619194 643633 92146 188209 464240 705508 759070 794445 153740 370833 744192 386436 1031815 0 696544 665456 561513 239253 948336 765955 480776 541668 984804 520428 220674 136404 554054 726237 757936 105723 254127 710566 615528 635716 535277 591880 790852 607506 258515 415666 73736 78330 483984 216096 814876 259256 71549 626873 350110 825478 590048 778474 112526 579475 384382 179382 758140 257667 326150 806398 486600 628198 674382 241627 575308 888331 410072 223235 425473 701881 163121 332825 627390 129327 501239 703069 724616 402601 511946 566877 652418 777089 152469 599084 510894 676147 660843 178964 179503 259119 280804 353718 579990 520514 441531 335558 401746
769437 174686 719884 244892 211506 755703 559285 310232 551431 601234 435401 543517 473424 237855 507359 398296 696544 0 114279 820128 935494 307199 315796 348706 273453 376080 194390 544603 750025 607951 781848 151561 769271 946887 245919 205384 729622 161942 241062 133712 323897 716064 600432 693642 663571 794901 480714 270287 820401 626271 636394 501890 135578 138706 178449 773941 818017 323766 755681 251427 798386 393765 169161 528625 143536 170796 644062 397253 348761 573596 574431 449769 563304 857190 437359 104112 767326 574607 761560 285251 613977 692056 550690 527496 85217 809782 322447 439914 387682 219924 709135 849277 447219 536489 681520 367402 726467 437615 779697 624421
752918 287283 763680 132649 97512 713144 553998 351836 437234 693560 541477 512303 392414 139256 543778 501347 665456 114279 0 869635 900454 411621 212657 256573 338348 484742 227280 545767 699317 671368 857148 265798 725763 907489 137440 290487 796898 170934 133712 127785 211763 646207 641542 650849 644775 835075 455878 384366 822304 598503 708919 422571 178384 202142 119513 754511 870303 325975 750455 362633 802362 343845 281098 428231 41827 272511 653958 287668 463003 614427 579050 493135 650825 828509 454814 183989 752171 472938 835456 176840 652415 744012 442770 414302 142783 792796 211095 337282 273432 105781 650434 830397 435740 551231 598377 444251 777372 345825 798053 534525
476122 809927 112038 911614 912396 644533 442920 517931 1135268 410887 585817 570334 813445 1001507 330736 953427 561513 820128 869635 0 657155 904690 1060076 844428 547277 892886 642563 421044 696681 230003 226340 770549 654423 694266 983988 625592 166792 699464 884177 953116 947880 813426 231844 633113 487838 79527 559014 741703 357326 541628 249330 810092 946551 682479 983021 496027 22932 568334 400566 693516 340313 681519 816668 949826 853764 683278 330706 960747 770961 258281 390072 376547 384074 580088 439034 716138 466855 982184 213916 1016011 225685 128479 1026807 1084720 899544 486080 939906 927438 1036120 931706 737148 509141 522967 370735 891930 471650 93784 861976 239895 915647
209844 1042994 596470 843738 871294 192699 408808 696159 879496 943032 1009105 392031 569946 970206 586159 1267348 239253 935494 900454 657155 0 1185190 984102 697241 772940 1218787 759178 437288 228206 722535 860748 995592 182890 38328 934927 850199 774613 774434 817693 1026926 821806 361051 584781 252739 287739 578708 455333 1047625 299836 310401 791939 543284 1063534 828753 1010873 193962 678957 622779 275496 990354 318090 557461 1044465 659898 862071 910474 407438 777693 1118326 588250 426697 636192 889279 90902 557952 866338 217569 660605 840515 944934 567331 651601 734141 828685 1015496 181762 813753 706240 880791 887502 298655 149857 496758 486165 472151 798497 648286 642067 419199 544689
996823 146221 828453 543768 506601 1020185 782063 493758 838343 559167 347863 802857 776705 493978 659318 91291 948336 307199 411621 904690 1185190 0 567840 655775 420985 81743 431599 758468 1024222 674693 788041 191667 1034540 1202440 517656 337356 768984 435230 544636 336254 622424 1009403 728732 960292 899675 906230 736538 163253 1013521 876842 669408 804074 269745 363032 406092 1005677 894939 564786 965086 215705 988804 679948 147317 835629 447571 275057 833907 699261 154694 706020 779766 596192 549998 1099824 636989 329927 992642 881422 774847 552481 747012 781675 854358 821712 277322 1036160 622307 746313 672933 509743 992605 1077122 689218 727855 984138 445015 815450 744406 942587 930181
871672 471707 950808 154319 147680 791404 697438 548560 286554 906142 750775 623124 419400 78445 729669 649264 765955 315796 212657 1060076 984102 567840 0 286982 546246 648065 427544 697342 763040 873600 1064478 462011 801626 983148 77856 503056 1000326 366797 183263 231773 163390 672225 828694 732299 765171 1017993 581093 580018 963912 708240 915651 448924 298274 413267 161778 868895 1062941 495509 885050 566781 947157 445618 463882 383832 212539 483163 810615 225584 652074 801959 732880 685721 862830 925488 628220 396641 872935 416477 1042200 44662 837128 937839 357679 287615 297023 909339 171047 301171 138657 128414 701081 942766 580096 717227 593563 654484 969984 350331 959866 515230
590622 517900 732397 153628 188505 504563 435852 386279 295305 793740 697383 343824 141588 278794 520887 746953 480776 348706 256573 844428 697241 655775 286982 0 423781 722186 305235 443244 477910 695838 898570 483605 514972 696980 241488 428884 820846 257864 133267 377198 126765 400340 615912 445317 486479 789907 312138 591879 693096 426373 753085 172439 434341 341224 337947 586361 851812 288700 611321 553083 678823 173062 513839 183562 215422 448153 556198 116320 675849 591456 479103 494936 740161 638992 407122 354127 592645 230457 874344 247890 619336 733858 225505 248836 398744 627104 118315 105219 202581 200516 418781 659006 327588 478173 342736 530992 761972 89540 705925 278120
578113 290668 449558 417814 404667 621908 365054 77476 705778 373669 287555 409100 483765 477015 247927 497580 541668 273453 338348 547277 772940 420985 546246 423781 0 446625 124839 339380 636642 335768 518910 244425 636602 793379 468472 87033 459684 184860 396196 407014 478861 657396 333318 566268 485285 525966 344182 274840 593854 471597 370572 501424 399800 138603 442914 588082 544706 182405 544133 217438 569483 344327 294962 594356 333874 151584 413736 524481 346671 307291 359084 185684 323665 685188 217237 169348 573485 639756 497117 505569 348727 418976 648402 665799 352322 616924 472952 528534 564875 421986 620363 657941 288033 306962 666914 111088 453519 488619 531306 638851
1024511 204473 824732 617374 581055 1060615 811628 522766 915722 524621 315671 843809 837789 573425 672286 60874 984804 376080 484742 892886 1218787 81743 648065 722186 446625 0 477576 785872 1068504 664323 758391 243268 1075156 1238097 595887 369285 748422 489745 616375 416296 696413 1062807 733012 1002086 931452 901587 777367 172223 1030312 913751 650295 864144 350473 411796 486296 1034685 881302 605437 987500 229881 1005126 732647 208348 903915 518805 312576 852685 772047 121953 712125 804195 610222 523685 1131580 663693 382875 1019710 950166 747354 631419 752037 774045 926371 897431 354941 1063067 695835 815866 750171 585340 1041153 1104076 726624 749524 1043820 450597 806786 809782 951599 993304
582286 286306 537472 293827 282988 589129 369016 124634 581829 498241 392940 371995 383194 362259 319253 518583 520428 194390 227280 642563 759178 431599 427544 305235 124839 477576 0 352139 592749 446388 637666 239938 603394 774195 349754 128361 572888 61221 271590 319016 354040 587441 415761 528858 478974 610068 306013 318618 626657 448954 488700 404971 329931 69629 341177 588366 643039 136682 563835 268848 604384 258809 286872 482079 215513 167387 449726 401365 401143 388640 380914 266297 448496 676796 242978 107510 579489 528440 615099 385538 427557 516733 530740 542918 279593 622538 348179 410454 440105 301009 563580 662737 263070 342105 579636 235903 550134 377082 585962 541226
238746 621441 312345 543027 555473 311039 33164 264728 723608 542279 575638 154321 393651 654973 168607 836847 220674 544603 545767 421044 437288 758468 697342 443244 339380 785872 352139 0 343617 349628 539361 573838 325280 460849 628335 421113 449761 386390 514091 659714 560150 421947 220601 269112 151433 356183 139088 613824 277214 162032 422036 389158 679811 418195 665156 248936 433194 222409 211767 556227 256664 271555 624199 529822 516443 484117 113800 557460 682093 206930 35970 204867 484349 347884 122179 457586 234261 561249 514955 652868 213773 334766 607925 671657 629512 277758 551648 514686 644114 574769 356873 318755 117702 64867 482669 362484 353780 446571 263891 497508
235554 878461 606882 628515 658905 57793 310464 559963 651991 885889 904728 227544 345033 755149 512175 1111232 136404 750025 699317 696681 228206 1024222 763040 477910 636642 1068504 592749 343617 0 686628 862139 832573 55789 221295 718646 701994 771553 594664 604000 827086 599820 145410 549473 74620 214000 618586 292962 902824 376708 181586 759554 317199 870467 661233 803459 217822 715014 463500 304932 847810 380405 357660 878455 431911 659022 755942 377765 551660 980512 542204 352705 544455 827953 199643 442754 695637 243849 434370 838834 725479 537198 648076 507043 600850 824836 247842 592024 479133 654829 673855 71753 255829 348888 407149 254745 689852 656916 416609 466504 320823
514865 582373 168637 733628 727630 646017 381420 325862 991065 225243 363117 499795 699800 808340 190677 724639 554054 607951 671368 230003 722535 674693 873600 695838 335768 664323 446388 349628 686628 0 203577 544598 659078 754863 795927 406401 127169 506828 708330 741653 782042 771367 139706 613493 476120 241020 463075 511704 447372 507503 72927 704709 728491 474303 778590 532884 221121 407174 447306 463926 422791 554287 589404 832398 661898 460234 319798 809644 542580 144452 334488 201032 179106 633698 301465 504244 506441 871413 179034 831041 155697 111221 902372 944236 683393 540862 774813 791101 870971 746185 706006 575840 410332 284882 825778 246680 142668 733385 336013 829253
664105 724068 264628 929461 920642 816046 569099 522330 1193589 235515 443015 692973 902596 995925 391256 818902 726237 781848 857148 226340 860748 788041 1064478 898570 518910 758391 637666 539361 862139 203577 0 693758 827911 896297 986625 576467 90646 698843 905149 913967 981369 959502 318860 791730 648176 292595 661703 632866 564564 689182 148978 906674 891514 655818 957853 683588 203926 609897 590104 596402 543819 757624 732174 1035702 851942 620529 484653 1011726 639386 333689 518332 404338 238443 777424 504203 681005 655001 1074346 24772 1023028 327682 214717 1105940 1147203 850341 682026 974367 994526 1070023 938653 889800 710896 611241 476354 1021140 414945 212638 936954 443755 1028918
810845 47653 681881 395030 362757 828748 595702 310986 702703 489067 300916 611454 595045 383568 491493 279542 757936 151561 265798 770549 995592 191667 462011 483605 244425 243268 239938 573838 832573 544598 693758 0 843071 1012053 395600 157412 655604 246661 388648 247974 473549 820554 571707 768709 711481 759655 545215 118934 836826 686393 557066 621100 205729 171487 310936 818811 764384 373794 783327 110603 812763 490476 50722 666763 292417 92874 656553 544542 197768 546800 597451 428563 461004 911194 454053 139962 807105 713457 676187 434528 588446 642956 695610 677587 176277 850590 471547 581105 539227 371485 801625 891396 498977 548645 800643 298929 677694 569723 775481 751259
185204 889683 568909 662851 691494 14713 292439 559222 702501 864778 896327 231725 387158 789513 491949 1120019 105723 769271 725763 654423 182890 1034540 801626 514972 636602 1075156 603394 325280 55789 659078 827911 843071 0 182883 753773 706508 737645 610815 637318 853143 639102 201195 520237 75635 182978 575603 298142 907089 325393 167321 731805 360817 893399 672709 833392 166548 673471 470217 257469 851090 330790 381962 890233 481773 686359 763001 343773 595026 982717 515366 328950 529604 807542 144614 433488 708540 193919 486526 805084 762825 506619 613229 558265 650833 846580 193971 631087 524112 698073 707241 125851 200225 349366 386286 310187 681419 619788 459330 420488 374593
240372 1059264 631801 845604 874376 194709 431241 716218 867756 974111 1034993 403936 566152 972290 613835 1285661 254127 946887 907489 694266 38328 1202440 983148 696980 793379 1238097 774195 460849 221295 754863 896297 1012053 182883 0 936424 868968 809671 786690 820167 1034577 820196 345352 616441 256759 309828 615625 468719 1067558 336975 325662 824827 538487 1073202 843823 1016014 223260 715966 638413 308882 1010527 354639 563696 1060439 649603 868432 928314 437861 772954 1139583 618910 452547 662119 919794 121166 580124 880880 248572 647690 875826 944864 599344 686216 722025 817691 1025732 215300 812295 700248 876123 890096 289019 185786 513226 512261 455417 823118 683710 637859 455765 530435
811803 409986 875187 91429 73175 742746 630321 471147 321191 829748 678451 563670 381285 38465 653956 602955 710566 245919 137440 983988 934927 517656 77856 241488 468472 595887 349754 628335 718646 795927 986625 395600 753773 936424 0 426800 922594 289099 118898 185124 134928 639244 752929 682210 704285 943199 517488 514442 898360 649840 837795 411877 253075 336157 121199 810215 986504 421646 821025 497227 880752 385867 402698 371135 134691 409755 740930 212034 589606 726096 663533 608958 785820 872052 554385 320973 812525 409722 964344 39524 761786 861148 361643 309466 240968 850250 139902 281524 156773 53688 660266 884985 511944 645178 570370 576942 893493 317462 889416 496051
659526 203862 531516 391298 370847 691916 444969 156420 693391 403087 269443 475763 511527 429029 334633 417216 615528 205384 290487 625592 850199 337356 503056 428884 87033 369285 128361 421113 701994 406401 576467 157412 706508 868968 426800 0 525728 171618 374220 337909 460892 709003 417741 634089 563482 608658 409496 200859 680069 544468 431385 533025 322177 94130 382296 668597 621486 238758 628509 146302 655848 383844 207998 608514 296099 64645 499826 517159 279654 392183 442845 272016 361057 763760 299767 107067 655298 655121 556247 465635 433780 497142 653728 658208 277154 698814 456222 533689 541931 385999 679339 739783 357494 392384 706485 162430 531914 504128 618288 669501
575611 690115 178458 860794 854597 725693 479132 452981 1116150 246488 434794 603707 818267 934416 306339 809294 635716 729622 796898 166792 774613 768984 1000326 820846 459684 748422 572888 449761 771553 127169 90646 655604 737645 809671 922594 525728 0 633531 835492 863065 908907 869214 229166 701085 557613 218598 574302 608644 481051 598609 99847 821215 846311 598220 902401 594959 147803 532558 502215 566144 459344 674750 697700 952390 788373 575730 394186 935253 626962 245330 428069 326125 227165 690102 420721 626629 566569 990100 67446 957913 237324 124881 1024043 1068727 802649 594797 901628 914555 997870 873091 799240 624830 525367 387303 932069 363556 127374 855221 360714 941550
607822 289278 592923 233011 221799 596987 399165 182753 525309 557044 440968 382820 352066 302903 372845 525046 535277 161942 170934 699464 774434 435230 366797 257864 184860 489745 61221 386390 594664 506828 698843 246661 610815 786690 289099 171618 633531 0 211480 274004 295334 574320 470707 535333 501694 664141 319234 342175 663411 464718 549871 376707 294968 84499 288112 612099 700678 164051 596172 298440 642180 244745 287928 439186 155431 193170 490123 346728 426316 443602 417721 322949 508265 695436 286716 106892 605861 486024 676233 324538 481482 574625 482230 488183 245096 648158 289836 362330 380361 239901 558718 687517 285552 384748 555299 295857 607648 336203 631061 509876
693011 415683 773730 28949 55569 625968 514352 383063 320788 768334 640603 444795 274662 152626 553509 634717 591880 241062 133712 884177 817693 544636 183263 133267 396196 616375 271590 514091 604000 708330 905149 388648 637318 820167 118898 374220 835492 211480 0 246082 87436 533201 652334 564977 585611 838917 399451 504539 781428 530943 756399 305504 306366 280133 204715 691332 888292 316359 703314 474870 764341 266971 410222 295190 97617 375083 627423 156244 586141 625986 549655 513995 719735 753637 448339 278716 693803 339472 881964 138888 659593 764599 310015 290416 275565 731393 83955 203842 168981 69937 548060 766088 396839 535123 474652 507262 795770 219077 776809 406475
874618 247377 851824 234062 194895 840421 670820 439952 505840 726765 548179 637287 516302 158155 636961 419248 790852 133712 127785 953116 1026926 336254 231773 377198 407014 416296 319016 659714 827086 741653 913967 247974 853143 1034577 185124 337909 863065 274004 246082 0 306171 772182 731555 778084 766897 926197 578978 360393 936916 722973 769290 546821 68041 270697 70051 877124 951320 437386 867996 358202 915947 471184 238911 538136 168661 296475 764106 385877 426246 704579 691533 580894 691813 953680 559701 237694 873420 580534 894015 217458 744488 825222 540358 494263 71841 914737 308348 446309 341897 190778 778023 953003 554271 658287 719886 500296 859545 464846 903942 652556
717054 498347 836382 79166 115923 629151 555733 459402 233358 852142 727881 469608 256038 173184 618828 711341 607506 323897 211763 947880 821806 622424 163390 126765 478861 696413 354040 560150 599820 782042 981369 473549 639102 820196 134928 460892 908907 295334 87436 306171 0 510343 716639 570718 612324 898175 434183 590389 816985 552854 833200 285692 371534 366933 250850 713011 953438 380677 735970 561896 801904 295344 492435 236526 181132 462496 673880 79724 671299 690958 596115 584304 802450 765248 509015 366152 718937 276321 957805 128889 722253 831763 234653 204092 347786 753728 8615 146603 89017 115686 537700 785764 442732 589001 436756 589864 861779 187683 823995 361431
373626 863590 715687 553806 588672 201687 390940 585446 524308 952445 940040 274083 258777 677306 585362 1099366 258515 716064 646207 813426 361051 1009403 672225 400340 657396 1062807 587441 421947 145410 771367 959502 820554 201195 345352 639244 709003 869214 574320 533201 772182 510343 0 640992 184793 326338 737676 325476 905889 514309 273014 843477 227942 823617 651145 737807 357445 830052 475287 437287 854480 515053 330167 862092 310251 604465 754824 484508 450054 987661 628782 441171 604315 893718 344379 494701 680610 381178 303494 935355 639152 631890 749564 378547 475520 782195 390492 503481 374216 551256 600806 80325 400899 385646 486523 111340 729787 763173 322760 593514 185373
376135 615240 122377 679796 681039 507372 250280 291991 909036 358556 458359 374589 597005 771370 99029 791098 415666 600432 641542 231844 584781 728732 828694 615912 333318 733012 415761 220601 549473 139706 318860 571707 520237 616441 752929 417741 229166 470707 652334 731555 716639 640992 0 477161 337473 194650 347746 567375 320442 372473 211884 597541 731288 461731 756923 393859 236813 336592 310573 513034 295011 458190 620826 732700 623823 480044 180152 732112 614821 27127 200109 150700 306283 495321 208878 497751 367869 768301 294541 784525 19863 119531 807135 859465 682656 403539 708736 702853 805105 700404 572586 439718 302783 158527 702992 283935 146063 639730 221807 714246
192285 815155 539586 591001 618701 62375 235977 489181 649334 811388 831446 158342 323138 717471 437706 1046240 73736 693642 650849 633113 252739 960292 732299 445317 566268 1002086 528858 269112 74620 613493 791730 768709 75635 256759 682210 634089 701085 535333 564977 778084 570718 184793 477161 0 145755 556140 224735 834893 331227 107107 686410 298968 817890 598021 759375 178074 650631 396698 252715 779294 330766 307008 815573 428681 611687 689651 308785 530857 911475 469044 279135 469919 753408 197061 368939 633569 199116 439142 768184 692660 465497 578411 507665 596757 770992 215058 562545 462368 633358 634810 105304 234333 278258 332853 281984 616460 588802 395265 409144 334525
108289 759076 393948 613937 634380 169926 121421 408691 734082 683181 726935 142717 394197 735707 312179 980678 78330 663571 644775 487838 287739 899675 765171 486479 485285 931452 478974 151433 214000 476120 648176 711481 182978 309828 704285 563482 557613 501694 585611 766897 612324 326338 337473 145755 0 411470 189199 760058 214111 65841 548877 378390 795953 547921 761299 110475 505094 342535 129882 702721 205877 319557 761025 520311 610043 624635 163805 589890 830619 332410 148151 355117 626407 200278 270452 586463 108324 540832 624931 722284 324285 434082 601292 680762 746483 148022 603739 531695 687301 652575 249315 186204 216683 207200 412783 513906 443446 461043 269817 451108
396654 801530 78014 866969 870690 565916 375178 486589 1077218 448497 604124 501155 749828 963100 291299 961366 483984 794901 835075 79527 578708 906230 1017993 789907 525966 901587 610068 356183 618586 241020 292595 759655 575603 615625 943199 608658 218598 664141 838917 926197 898175 737676 194650 556140 411470 0 495233 743107 278950 467193 280758 744652 925120 656227 951106 416557 100467 522790 321123 691709 261256 623003 807655 885939 816012 669440 258329 905938 780453 221673 323240 345310 413002 500832 390610 691941 387390 916575 276409 973543 182671 129885 964089 1025885 876764 406655 890000 868536 985485 890169 660649 430228 464150 311965 818832 463919 102060 801569 160537 845652
297486 592028 449082 428124 446640 283718 125156 268163 585747 629132 618739 66461 254698 547928 272450 821879 216096 480714 455878 559014 455333 736538 581093 312138 344182 777367 306013 139088 292962 463075 661703 545215 298142 468719 517488 409496 574302 319234 399451 578978 434183 325476 347746 224735 189199 495233 0 610346 383360 145560 532561 251457 610743 375569 572111 298634 570347 172094 303977 555018 367760 139211 592813 390990 420859 464994 247384 423613 687584 329110 173165 281440 570421 376655 170707 412259 297220 423405 636974 537483 344556 466011 468856 533485 561927 337130 425575 377001 514656 465140 278325 374519 60225 190763 364183 405978 487905 308161 395563 367276
852393 114557 665390 512372 480960 892473 639882 351482 820729 410873 205140 676586 694210 501628 502065 226142 814876 270287 384366 741703 1047625 163253 580018 591879 274840 172223 318618 613824 902824 511704 632866 118934 907089 1067558 514442 200859 608644 342175 504539 360393 590389 905889 567375 834893 760058 743107 610346 0 859238 744147 508831 718442 309376 258839 426190 862706 732244 439437 815395 57659 834166 577307 123482 775427 409486 151431 681031 659621 84248 545312 631972 439512 394528 960024 491658 238338 847547 822335 618253 553286 585948 618428 808628 794465 288816 890887 588022 692189 657757 490129 879120 931892 557823 577402 895941 283458 652231 675443 783478 852045
141256 883793 302918 810276 826340 319371 269046 526511 948003 672566 775478 351809 607947 927024 358689 1085355 259256 820401 822304 357326 299836 1013521 963912 693096 593854 1030312 626657 277214 376708 447372 564564 836826 325393 336975 898360 680069 481051 663411 781428 936916 816985 514309 320442 331227 214111 278950 383360 859238 0 279815 511393 592500 955883 690457 941490 159009 379129 499557 84231 802131 25663 521650 887548 734284 791839 744617 180274 800256 917442 332752 246004 420127 623748 225270 385890 729886 133290 753799 545421 920021 300854 361742 815258 894693 905523 135882 808370 744499 895393 845297 433984 152592 388059 288500 612854 582710 353703 673794 120816 659551
164259 733622 442679 558831 581341 152678 128884 394121 668777 704309 729049 86713 329197 682428 330609 960483 71549 626271 598503 541628 310401 876842 708240 426373 471597 913751 448954 162032 181586 507503 689182 686393 167321 325662 649840 544468 598609 464718 530943 722973 552854 273014 372473 107107 65841 467193 145560 744147 279815 0 580366 312788 756071 518566 712964 160661 557716 312840 195591 687572 271674 263977 734851 454506 562097 603020 211649 527187 818229 363161 173053 364008 646370 231226 266169 555994 166544 475077 665334 665987 361785 477480 535486 615453 707387 201135 544314 467423 625758 599053 200641 235151 187650 225788 352302 514113 490276 396893 331944 386889
585337 590856 218205 780582 771669 718794 454007 373870 1047535 168120 338520 571237 764702 847490 260396 711139 626873 636394 708919 249330 791939 669408 915651 753085 370572 650295 488700 422036 759554 72927 148978 557066 731805 824827 837795 431385 99847 549871 756399 769290 833200 843477 211884 686410 548877 280758 532561 508831 511393 580366 0 770930 750058 508119 811188 603623 234499 464975 516449 466407 487422 617995 598525 895782 703128 478957 391554 865264 528576 217376 407376 262149 134812 703721 367730 534480 576782 935805 126595 874108 226989 156142 963990 1001917 707336 610178 826288 850722 921718 789698 778645 644260 478390 357210 896120 269017 178766 795165 396230 897453
470694 660700 700497 325865 360888 352513 369802 442134 356459 845325 788547 248394 30852 449769 515442 895173 350110 501890 422571 810092 543284 804074 448924 172439 501424 864144 404971 389158 317199 704709 906674 621100 360817 538487 411877 533025 821215 376707 305504 546821 285692 227942 597541 298968 378390 744652 251457 718442 592500 312788 770930 0 600884 459624 510209 462060 821721 327272 508272 672215 583317 159741 658009 143387 380756 567920 490565 234541 802363 577450 421414 510184 787915 495983 403413 482905 474783 172096 881906 413702 595367 716519 223996 303175 561826 502440 278352 163591 337708 372865 252576 528525 295869 441989 180067 594635 739145 99546 632096 137456
902557 194819 849162 297198 258000 880234 693847 443572 573880 693800 505542 671822 570779 225954 640076 351527 825478 135578 178384 946551 1063534 269745 298274 434341 399800 350473 329931 679811 870467 728491 891514 205729 893399 1073202 253075 322177 846311 294968 306366 68041 371534 823617 731288 817890 795953 925120 610743 309376 955883 756071 750058 600884 0 271490 136781 906426 943130 458334 890574 315652 933930 512858 185908 600784 220157 271213 779634 451047 368908 704704 709890 581089 663104 987296 572865 233916 900718 644014 872672 285424 745555 818094 606131 561962 50370 942875 373222 509011 409841 255848 824733 982021 580360 671995 776630 482988 852769 523178 914679 711703
650530 217268 581372 297243 277667 658481 436479 172101 599694 494273 361828 441462 435657 341393 368934 450868 590048 138706 202142 682479 828753 363032 413267 341224 138603 411796 69629 418195 661233 474303 655818 171487 672709 843823 336157 94130 598220 84499 280133 270697 366933 651145 461731 598021 547921 656227 375569 258839 690457 518566 508119 459624 271490 0 304314 657000 680956 206082 629920 213983 667644 321092 217552 523299 203512 108786 511953 424677 342748 434890 445623 311064 449663 746140 304822 39455 647528 570180 634453 374468 475297 554728 564426 565288 221904 690712 362379 445014 447824 293368 630334 731069 332433 403522 637240 242133 588971 420643 643837 593699
869572 314652 878628 186545 149531 821305 672929 465474 438912 779587 608387 626365 479372 90008 659982 488251 778474 178449 119513 983021 1010873 406092 161778 337947 442914 486296 341177 665156 803459 778590 957853 310936 833392 1016014 121199 382296 902401 288112 204715 70051 250850 737807 756923 759375 761299 951106 572111 426190 941490 712964 811188 510209 136781 304314 0 870492 982717 445449 869027 419746 921692 453530 306421 486687 151257 348686 773468 330055 494451 729799 698529 607322 741646 941562 573718 276851 869115 527166 937065 149928 768491 856296 482046 430076 138173 909235 254306 395481 276672 139860 750244 946285 554385 670520 677752 542908 890105 422094 917333 606826
19907 866458 419741 719322 741260 160375 223633 512642 817853 750979 815929 246552 481965 842472 392282 1085213 112526 773941 754511 496027 193962 1005677 868895 586361 588082 1034685 588366 248936 217822 532884 683588 818811 166548 223260 810215 668597 594959 612099 691332 877124 713011 357445 393859 178074 110475 416557 298634 862706 159009 160661 603623 462060 906426 657000 870492 0 516163 452246 95503 805127 164588 424386 868681 599122 719286 730727 214663 684600 930787 395710 234544 443299 696539 103091 371057 695757 29179 613468 662000 826638 377191 470283 679398 764719 856940 40844 704496 621797 784422 759147 277314 75900 326844 293454 459425 606669 471656 551957 257919 512053
496256 802998 121330 915488 915296 663369 456136 518475 1143703 393418 572381 583870 824323 1003232 334967 941966 579475 818017 870303 22932 678957 894939 1062941 851812 544706 881302 643039 433194 715014 221121 203926 764384 673471 715966 986504 621486 147803 700678 888292 951320 953438 830052 236813 650631 505094 100467 570347 732244 379129 557716 234499 821721 943130 680956 982717 516163 0 573177 420661 685015 361709 690605 809898 960692 855464 678131 346276 968110 759350 262588 403107 377880 368778 601288 445338 713923 486984 993742 192123 1019046 232487 126421 1037142 1093488 896584 507022 945543 936356 1041918 934528 754288 530657 532522 380901 907022 465533 93057 871536 260985 929195
