NAME : TSP_INST
TYPE : TSP
DIMENSION : 100
EDGE_WEIGHT_TYPE : EXPLICIT
EDGE_WEIGHT_FORMAT : FULL_MATRIX
EDGE_WEIGHT_SECTION
0 296815 463520 105852 630275 144839 533304 703862 705676 652152 456337 163087 312763 590469 773655 527405 345710 329948 135237 497403 343137 159747 823987 360803 761940 801313 687802 639592 455926 298692 188355 73084 625729 572364 100796 810654 219245 651305 719314 853264 611514 309970 443074 244665 263107 553028 610599 207882 367648 513018 240769 773806 802001 648210 665751 411465 218406 225179 772050 771571 563272 832396 642089 494650 511331 609771 628821 553769 370567 153943 327617 489762 692592 795419 162661 117368 617642 737100 307017 268765 356655 695092 440517 518805 441149 821957 372212 672161 523592 732393 730315 831810 513980 943954 619813 615093 365630 599436 782846 654240
296815 0 594330 402022 335197 176167 243046 408847 451815 465337 201310 435000 429942 714701 481174 323681 399407 494264 431511 570463 517250 168004 597575 169921 600131 509831 403702 380613 302948 247491 259885 316653 328918 354170 286921 527776 103225 462298 496049 679768 332072 346145 226832 90968 274119 310767 333001 202345 583161 246172 167579 534981 549676 434475 417918 231475 385316 337626 477713 484495 288804 628898 741098 585096 270219 319038 499675 413970 129320 447183 112325 193000 420557 523590 261449 212391 644896 465883 535024 385876 230704 401488 206922 250064 183037 533918 400394 576452 246577 484017 458259 640722 219892 721211 322999 354917 317871 368837 491409 471402
463520 594330 0 442605 873933 450220 721366 939591 1042114 585954 795562 353989 773327 127858 1018756 912130 808955 775901 472911 109784 130134 448794 775315 743380 612833 938782 969612 970454 868180 736883 343163 390465 842762 946807 375508 1088714 495846 589161 693488 698442 742685 770693 815546 612908 321876 905058 912169 393483 774425 649267 656007 763567 1138851 630046 706034 805594 246632 688699 932569 892690 873245 736917 181094 78743 602551 779797 479848 463649 552210 420151 521995 736893 781351 1100089 352578 427546 234055 1045105 713705 214515 423264 862812 561630 656423 597512 938890 220719 450234 677280 753838 809878 713607 724142 862185 838320 698421 812351 631331 922925 580479
105852 402022 442605 0 736014 241111 635956 809622 807551 728105 560359 92824 343360 563915 879505 624275 396048 334698 40753 498681 313440 255028 907165 461461 828091 903527 793246 742537 547190 384191 249150 110323 730789 670481 156085 915858 319514 727853 803246 920829 710965 371396 543597 349698 321593 654659 715642 287294 336880 610777 338517 861055 903118 731147 756828 508677 220281 276937 875444 872358 668192 908999 623632 488957 603942 712239 689939 621161 468140 51177 424454 595022 789506 899373 223888 207867 628559 841132 274897 283204 435317 798302 533938 616858 538773 922913 404430 721696 623301 822709 826947 904879 617770 1024642 724893 709879 442543 687589 885081 729090
630275 335197 873933 736014 0 508971 159962 73664 240705 485464 221493 769377 679529 979757 148571 305097 617744 757978 763573 820154 823449 498894 502977 331301 616492 236224 110895 192001 378377 467288 574699 651311 52030 284374 619125 216396 430557 480065 438516 660559 203752 572936 282840 393397 560987 224388 115559 513039 865369 245508 438141 430600 312274 420621 337510 335531 702379 611116 189440 241140 133688 570819 987994 843344 306972 140504 588475 520909 323132 782057 358716 145338 265921 242569 583161 545539 851889 199744 828489 686938 451804 141571 319799 239692 278875 274741 656220 683045 214328 373685 287129 601482 150214 608596 51681 277323 495156 355266 221638 495536
144839 176167 450220 241111 508971 0 396794 582366 620502 513717 366284 260637 395406 576425 656169 467521 400064 435580 276387 451099 355384 15127 680962 296216 630199 663426 579798 550450 418073 293664 108725 143423 497701 506144 110765 703877 80013 512471 576176 719746 469855 351927 372980 164671 163104 472860 507976 83405 495616 369886 207868 629509 718546 505690 520926 357168 218783 295959 636846 631441 462739 692686 614394 458028 366499 472650 503224 423445 227197 280740 183712 364405 549027 698005 98025 36574 551728 639960 438086 235711 220218 559547 295715 375890 297876 682039 294924 557713 382224 587604 586618 694369 380817 801809 491948 470635 371645 455094 645015 516563
533304 243046 721366 635956 159962 396794 0 219096 382647 344752 245138 654202 653628 823554 298187 375371 607273 724906 668482 662831 680359 384198 408275 320809 482314 268087 268204 320183 417036 448356 442454 539518 121757 374532 501654 375458 317030 339734 322763 539548 99726 556364 311698 325327 417002 310502 241506 381628 820941 86921 390991 337170 465024 286440 223956 353748 567499 569348 240088 241485 227453 462046 829517 686995 149395 76516 436291 364370 181422 677423 223101 89440 191102 401575 455263 432440 691930 355130 775443 544160 298134 162777 161531 81888 124009 290894 501724 529935 56379 279664 226548 486106 33653 527013 117681 154137 498868 215196 249618 354224
703862 408847 939591 809622 73664 582366 219096 0 238055 518262 285397 842858 744194 1042649 79183 348518 679456 823633 837015 881839 893055 572143 508569 397692 642427 201146 97996 209406 430676 532672 646302 724853 97386 319414 692376 162526 503727 512709 457432 677316 236460 636519 342021 466150 629946 266346 149644 584623 932732 299582 508484 438213 289050 450772 360065 395399 773753 679259 152583 220832 184241 582111 1047968 906091 358149 177227 629346 567560 391668 855717 428879 218223 276888 205516 655400 618940 906695 177870 897457 756476 516423 136814 380586 293066 342245 242512 720493 724121 268865 384433 289188 615886 216262 604725 101457 308904 554932 391356 190748 528558
705676 451815 1042114 807551 240705 620502 382647 238055 0 722803 254294 863987 642004 1158324 223183 202912 564287 723766 825125 1005842 969048 615361 740844 346311 856064 436509 140484 71660 299576 452438 711672 748306 292731 154624 727955 170001 554622 717519 679212 901246 443745 534973 264701 464968 720251 152909 141899 653732 840428 468767 470546 669043 98068 659531 578190 306615 836150 605495 388662 458886 170895 810685 1176989 1024686 531232 380608 818934 745604 500835 858054 523281 322910 504659 113540 712101 654339 1057012 76142 819273 837159 637871 370327 525474 464269 480597 478135 835807 912431 438937 612946 522325 841947 360087 841402 292161 516834 440223 592056 427699 732690
652152 465337 585954 728105 485464 513717 344752 518262 722803 0 572906 700230 884962 644615 586481 711145 863229 939125 768284 489436 610930 498785 193001 614328 140001 417361 595647 663641 734629 712753 479491 617840 434805 716196 572080 679396 461888 5611 109693 214446 283162 809970 633501 553108 410793 652938 584033 444686 1008597 265810 631074 179420 797582 68886 165919 664105 558904 787047 433179 367246 572183 180902 621903 521718 210572 345729 128029 124385 336037 750800 362010 424578 258312 722165 504322 535223 452567 684645 951726 503830 295499 390840 259847 268067 294200 401012 393517 216254 291086 184084 269807 180873 373395 299499 434084 209653 780977 130758 407106 10349
456337 201310 795562 560359 221493 366284 245138 285397 254294 572906 0 611801 458918 915252 338904 140251 396273 538237 581409 768292 716771 361445 653412 113367 712886 451388 239852 184990 172637 247288 459676 495145 247361 158402 473749 358421 302492 568492 566013 778097 341741 351693 67605 212550 474685 109503 158947 403430 647890 308751 232619 582171 352297 522491 468756 116376 582751 395586 407213 445739 111448 705583 939488 784372 362632 294468 641343 559065 278824 610003 289329 155785 429880 339094 458811 400047 833799 280802 614494 586828 411132 345385 328791 307736 285899 486692 597571 728683 288175 524447 461851 727597 211641 771657 242111 398731 274593 450108 435044 581344
163087 435000 353989 92824 769377 260637 654202 842858 863987 700230 611801 0 435870 473052 916107 689740 486232 426728 118996 418067 223965 271611 886216 521499 788436 917893 836514 796451 618979 460345 227694 118427 758131 734106 152549 960368 340115 700674 784354 881700 719661 458648 603549 399368 289837 712041 761900 280296 420721 617163 403440 846205 961048 711839 748989 573864 153912 365873 893993 882851 715337 879830 534456 405350 600947 729006 647209 585805 477284 67673 433576 625020 791806 949702 207033 224086 550991 891338 359760 218767 417831 816749 533794 623760 546258 933502 345366 668362 633786 812911 828307 871725 640216 999534 752406 709002 524031 676183 899636 699936
312763 429942 773327 343360 679529 395406 653628 744194 642004 884962 458918 435870 0 898854 792887 439271 82569 81872 327843 810014 648453 407773 1027347 348534 1012447 901357 688006 596330 342433 212332 484679 385161 698974 487400 410679 792801 425925 882630 925169 1097906 751044 108944 405038 338984 553624 505242 607754 478577 198590 674492 264709 964824 721961 861402 847499 352208 530624 99853 860273 887354 563957 1055526 953269 807345 699625 723123 893540 810710 554220 383866 523410 576418 842229 752582 461890 392201 927986 700350 186880 581095 606283 791780 633599 677763 612955 932954 676792 952585 670791 913153 878982 1064265 623331 1150991 693252 783009 201792 797962 883925 889707
590469 714701 127858 563915 979757 576425 823554 1042649 1158324 644615 915252 473052 898854 0 1121723 1035130 936118 898441 591794 162752 250992 574338 825260 867684 644713 1024345 1079162 1086744 993860 864462 468549 517511 945297 1068481 503353 1195845 618472 648611 754262 721942 834368 898318 938241 737954 440632 1024672 1025461 516180 890618 746596 782984 823999 1254191 697230 781507 930239 374345 815593 1022732 976507 988286 776120 73210 136561 694961 876737 525891 529377 662144 537228 635450 847024 863093 1211163 479227 554732 217820 1157346 830918 340966 528287 956428 662124 753582 701083 1020344 324408 474459 776003 822365 888439 747570 829551 898654 941214 783293 940102 709872 1009481 637605
773655 481174 1018756 879505 148571 656169 298187 79183 223183 586481 338904 916107 792887 1121723 0 375603 723930 873611 905517 960787 971368 646465 558485 452243 705654 225755 107343 219357 465692 584030 723268 797812 176432 338586 766623 95829 578325 580884 517812 733972 308559 684170 387849 532625 708476 296070 185266 661605 985370 377704 568812 490884 247313 518110 424312 440805 850933 734316 182070 259067 229416 635529 1126583 985163 435290 252424 701224 642294 470249 926492 506828 293742 336241 154918 731651 692694 983964 149678 953300 834803 595603 196477 459614 371068 421428 266436 799672 795789 347214 440506 341898 671309 295166 645303 180612 378935 597727 462402 221338 596826
527405 323681 912130 624275 305097 467521 375371 348518 202912 711145 140251 689740 439271 1035130 375603 0 362414 521090 637526 893856 822905 466101 780678 171837 850959 540609 268467 161468 96954 253252 570110 579222 346128 49050 566593 357855 416665 706603 698130 913625 466509 332061 97082 303051 595993 82194 198875 519016 637591 445759 286703 708416 288183 658576 598683 115942 686110 404576 492918 545480 171555 837321 1064110 907642 501515 412196 781587 699266 416808 675404 423109 288426 549711 313544 564717 497162 966639 262981 616656 699237 545844 444611 469028 444145 426110 579713 724037 868823 423050 650211 578251 861308 342970 895618 342157 529280 237489 586250 526549 719793
345710 399407 808955 396048 617744 400064 607273 679456 564287 863229 396273 486232 82569 936118 723930 362414 0 161527 387033 835655 688411 410399 994339 291151 995198 845145 617814 521696 265529 158974 499259 418608 641286 409776 436614 718656 415115 860442 894332 1077532 706352 53291 337622 310167 562763 432065 538754 482928 278954 637340 232253 929148 642030 833848 811265 284212 562831 121330 802337 834622 496722 1028234 986489 836132 668738 673178 883502 798929 527855 440981 502078 525454 797960 675905 478928 404405 947117 624950 269395 607307 597268 736749 606264 639870 580717 878534 691815 948945 630213 875487 833812 1039954 575546 1117700 635746 744521 126568 767387 828184 868791
329948 494264 775901 334698 757978 435580 724906 823633 723766 939125 538237 426728 81872 898441 873611 521090 161527 0 310459 822985 647636 449233 1088929 426678 1062589 976965 769109 678160 424219 290974 513583 398230 775682 569148 430719 874560 477279 937141 985636 1150109 820965 190500 485846 404145 586034 586965 688634 516724 117436 740341 333935 1028399 803130 919882 911881 433272 540693 156692 936763 961247 644425 1113008 956967 817038 761322 796019 938594 857719 614224 367117 580412 650443 911570 834442 489077 425991 946576 782210 117007 596515 653106 867037 693448 744043 676185 1007621 701836 991968 738719 978200 948732 1119545 695520 1212411 769894 849100 283601 858851 959336 943239
135237 431511 472911 40753 763573 276387 668482 837015 825125 768284 581409 118996 327843 591794 905517 637526 387033 310459 0 533621 342943 290712 946595 478910 868803 936443 816886 761581 556715 391791 289654 150466 760363 684619 196210 938668 353414 767980 842519 961517 745643 367510 560477 373457 362300 672308 738282 326442 302476 646226 354604 899770 919660 770532 794626 522792 258043 271638 907285 906296 690635 949186 653450 522536 641216 744928 730692 661798 503544 56788 460097 624237 825408 919663 264269 244459 664752 861628 241117 321737 474969 830328 570903 652180 574227 956749 444095 762138 657802 860733 862979 945326 649197 1064440 754429 746545 444763 726026 917979 769360
497403 570463 109784 498681 820154 451099 662831 881839 1005842 489436 768292 418067 810014 162752 960787 893856 835655 822985 533621 0 208705 446060 675293 730915 506270 861854 921351 934554 860885 744642 342971 425895 784453 924229 400079 1036503 480232 493079 598498 590396 671665 792792 796806 604907 299142 877054 870531 380407 835477 584688 658587 668583 1100578 538662 620579 794035 282365 718807 859982 814194 835109 632801 171364 33199 532389 714576 376995 370631 506264 485740 482864 690265 700991 1054094 359469 436205 135510 1001230 773569 229050 370391 793800 501301 591626 541282 858420 170762 341506 614358 663638 726952 607893 670126 757530 780502 620739 822354 548130 846894 483138
343137 517250 130134 313440 823449 355384 680359 893055 969048 610930 716771 223965 648453 250992 971368 822905 688411 647636 342943 208705 0 357392 803923 651482 664752 919632 910891 897857 769962 628723 257376 271090 798645 861150 264463 1033244 414520 613089 712095 755471 718435 652906 728128 519957 263473 825219 846665 316260 644292 618605 553091 780593 1066927 643083 705920 711848 137287 567321 906804 876810 804487 777815 310537 189025 581517 746335 523907 486749 501519 290019 464755 680625 770706 1037126 258777 326936 344131 980334 583608 136579 389389 832983 528706 625820 557646 925500 217489 516548 643427 761312 802937 760351 677250 902995 793651 685544 701733 629564 902610 607448
159747 168004 448794 255028 498894 15127 384198 572143 615361 498785 361445 271611 407773 574338 646465 466101 410399 449233 290712 446060 357392 0 665835 295485 615742 650356 571611 544962 419535 299771 105789 155375 486530 503771 120235 695665 68549 497513 561049 705123 456077 361601 370826 164303 154359 468835 500733 72573 510340 355768 212580 614435 713429 490568 506006 357140 221715 308129 624286 617937 455938 677660 610729 454022 351656 459846 489388 409226 213113 293821 169475 353986 534728 691090 98691 48247 544137 633183 452966 234444 205639 546976 280926 361832 283758 668563 287373 544929 368568 572650 572274 679474 368911 786689 480814 456040 378028 440021 631963 501682
823987 597575 775315 907165 502977 680962 408275 508569 740844 193001 653412 886216 1027347 825260 558485 780678 994339 1088929 946595 675293 803923 665835 0 721030 202043 344309 601876 694742 825079 837329 661458 797059 451823 773730 751464 654121 618747 190989 104802 186230 314190 941450 719828 688522 596516 709641 616329 620199 1168367 358157 764572 72742 797356 176079 185838 760177 748818 933185 379215 301581 619498 82396 795256 708123 327824 371259 299454 317243 474744 933515 510350 497676 237086 710234 685211 706737 621502 686334 1114316 695412 471979 372054 395710 356425 414577 312053 586518 362914 370153 130844 219400 122980 441811 123644 453687 255622 897131 230137 342377 196702
360803 169921 743380 461461 331301 296216 320809 397692 346311 614328 113367 521499 348534 867684 452243 171837 291151 426678 478910 730915 651482 295485 721030 0 752895 554400 352100 283205 133148 136209 400418 408872 351018 213359 394896 468044 250742 610598 626120 826559 420533 243383 82279 131547 431789 193427 270781 352057 535052 363918 124638 652499 441671 573241 535366 63149 514519 282246 512331 543526 223910 764309 899729 742765 406695 383254 662848 577568 287463 512140 280448 235723 511802 442498 393820 325368 812279 385075 501128 529567 400586 445672 356030 365027 320274 587425 563067 743110 351112 596577 546593 781557 288001 842764 345377 466262 178059 502530 537293 621577
761940 600131 612833 828091 616492 630199 482314 642427 856064 140001 712886 788436 1012447 644713 705654 850959 995198 1062589 868803 506270 664752 615742 202043 752895 0 514770 725204 799074 874310 847473 579891 719317 564922 855284 674194 800506 586705 144401 189478 93267 412741 942105 773449 685959 506503 791782 719159 554781 1125313 405341 763801 236796 926997 196861 282368 803552 638903 913455 539536 466388 709604 134683 607197 539447 350551 475989 142525 208183 471075 844724 493199 563871 369704 847842 605757 647378 432584 813814 1066689 577942 410183 509384 397193 407327 433324 490100 455293 170784 429771 271749 370261 102877 511887 254029 564816 339288 917301 267118 508038 131858
801313 509831 938782 903527 236224 663426 268087 201146 436509 417361 451388 917893 901357 1024345 225755 540609 845145 976965 936443 861854 919632 650356 344309 554400 514770 0 298394 410280 614092 689903 699095 805155 204150 516423 765712 318178 584121 411906 326445 527335 201925 797735 515963 587620 661858 459085 344791 640313 1078835 304263 646466 283334 472824 349933 253507 567498 819284 824565 48645 50152 369713 425029 1015520 890585 338621 191575 543386 504604 440654 944135 484317 327807 163466 380652 714719 698549 856172 369521 1036554 786900 530484 110202 393175 297242 372699 41626 719757 633613 284485 243225 147739 463538 290121 421392 209561 241163 725777 316892 18469 427334
687802 403702 969612 793246 110895 579798 268204 97996 140484 595647 239852 836514 688006 1079162 107343 268467 617814 769109 816886 921351 910891 571611 601876 352100 725204 298394 0 115909 358426 480951 656873 718189 160847 232835 690483 124079 505108 590213 544293 765848 312963 579117 283465 443702 651625 188735 81376 595911 881914 354765 472304 530526 202001 530141 444372 335842 784543 632776 250038 318669 128412 673216 1090603 943247 416761 249982 699356 631230 417598 841629 448608 232719 366849 133772 662236 615842 958666 89015 851704 775241 551164 230364 424526 349227 381731 339922 754788 793905 323701 475188 382816 705556 253396 701062 161663 386726 491406 465768 288573 605770
639592 380613 970454 742537 192001 550450 320183 209406 71660 663641 184990 796451 596330 1086744 219357 161468 521696 678160 761581 934554 897857 544962 694742 283205 799074 410280 115909 0 256819 398168 640498 680066 242928 120060 658564 196990 483576 658477 626852 848610 389410 487833 203699 397084 648592 92652 80005 582326 793543 404960 407833 622237 169091 602214 525255 250409 765351 551951 361640 425658 100402 761298 1105759 953223 467044 327219 755428 680302 430095 792697 451852 254677 457659 160117 641302 584642 987204 104551 768619 765695 567129 330509 457403 400905 412359 451423 764405 848241 375945 564992 479012 790797 295302 800351 241231 461105 395530 533062 399019 673334
455926 302948 868180 547190 378377 418073 417036 430676 299576 734629 172637 618979 342433 993860 465692 96954 265529 424219 556715 860885 769962 419535 825079 133148 874310 614092 358426 256819 0 165628 525320 514120 412729 145005 507652 453758 381056 730554 735615 943819 514307 235712 105369 256399 561929 169847 283141 480710 540863 475136 218575 754202 381995 688463 639838 72508 632727 312072 567790 613202 247062 875073 1028535 871505 524438 466590 790983 706262 416487 598295 412600 327609 602461 410497 516015 443389 944887 359517 521105 653681 533467 512014 480411 474959 441378 651431 694296 873293 457227 696652 634128 895472 383411 943965 407986 569785 140647 616439 598776 742469
298692 247491 736883 384191 467288 293664 448356 532672 452438 712753 247288 460345 212332 864462 584030 253252 158974 290974 391791 744642 628723 299771 837329 136209 847473 689903 480951 398168 165628 0 401738 362837 486962 302081 364359 591354 284265 709656 738390 927149 547381 108421 197943 163698 453157 305525 399847 369913 401341 479602 89976 771348 541218 679757 653458 147835 493383 153783 648292 677497 354614 873723 906235 750645 513545 514934 742940 657424 376801 435043 355815 367340 638988 557811 386972 310380 843365 502627 371470 524393 461835 580711 453626 481900 425315 722254 586869 814558 471624 717224 674877 887107 416765 960444 481278 586214 78421 611934 672634 718880
188355 259885 343163 249150 574699 108725 442454 646302 711672 479491 459676 227694 484679 468549 723268 570110 499259 513583 289654 342971 257376 105789 661458 400418 579891 699095 656873 640498 525320 401738 0 139511 555085 606425 94329 780146 157223 479406 558565 672328 498334 453598 474085 269745 75034 568453 590477 61680 555904 395406 316581 619242 809558 486090 521334 462468 127869 387842 678984 661484 547645 660297 505672 349331 374516 514303 443556 372365 261213 272092 219622 429880 566470 781183 26095 94946 448008 724023 494983 129180 190602 602477 309121 402276 326562 711910 192834 483871 414918 585236 602472 655736 433820 777198 549718 482794 479384 448540 681121 480229
73084 316653 390465 110323 651311 143423 539518 724853 748306 617840 495145 118427 385161 517511 797812 579222 418608 398230 150466 425895 271090 155375 797059 408872 719317 805155 718189 680066 514120 362837 139511 0 641043 622203 45768 842088 223384 617562 693279 811818 609206 381881 490280 283354 213204 597103 643911 177833 425213 507653 295802 751678 845753 621094 648841 463976 145521 298240 779600 771798 597527 798741 569042 422240 497078 615019 582296 511875 365838 140657 321909 507267 684983 832221 113900 107205 548371 773885 363298 198303 325118 702289 427846 513995 435940 822470 308551 618329 522257 714318 722103 794930 524160 914341 635275 603984 433086 578663 786796 618894
625729 328918 842762 730789 52030 497701 121757 97386 292731 434805 247361 758131 698974 945297 176432 346128 641286 775682 760363 784453 798645 486530 451823 351018 564922 204150 160847 242928 412729 486962 555085 641043 0 329569 606340 256386 418017 429368 386487 608530 152279 594381 312573 396532 535221 267570 164859 493535 880005 202989 448790 379310 362825 369407 285512 363619 681855 625274 161331 200614 175431 519004 950691 808736 262731 89160 540088 474727 297240 775197 336079 136245 214754 289573 565621 534160 810540 249841 840235 662128 419506 99341 283207 196650 245257 239500 623373 634821 172042 322147 237518 549498 121626 558941 5995 226001 521635 305075 187685 444934
572364 354170 946807 670481 284374 506144 374532 319414 154624 716196 158402 734106 487400 1068481 338586 49050 409776 569148 684619 924229 861150 503771 773730 213359 855284 516423 232835 120060 145005 302081 606425 622203 329569 0 607717 313572 451022 711439 695644 914022 460299 380606 133226 342739 628149 64294 171632 553331 685863 450504 332180 701076 239198 660588 594890 161900 724918 453618 468094 525382 154984 833888 1095108 939256 508865 402717 793379 712740 436849 721541 447522 291658 539429 266368 602442 536991 992063 217693 665516 735195 569513 425800 482692 448130 438561 556525 753753 882588 425543 642889 565732 859762 343675 885829 326253 526585 285637 588735 503397 725209
100796 286921 375508 156085 619125 110765 501654 692376 727955 572080 473749 152549 410679 503353 766623 566593 436614 430719 196210 400079 264463 120235 751464 394896 674194 765712 690483 658564 507652 364359 94329 45768 606340 607717 0 814560 188693 571797 647776 766573 568295 396038 474736 265350 168753 578482 618173 133020 465010 466187 289594 706515 825845 575541 604488 452869 129502 318773 741470 731284 572587 752982 550563 399547 453479 576514 537759 466556 325330 184321 281497 474207 642490 807837 68453 74682 517749 749677 403523 171086 279490 664215 384812 472662 394832 781958 271501 575887 481922 669715 679409 749282 487882 868609 600658 560824 438137 533800 747421 573155
810654 527776 1088714 915858 216396 703877 375458 162526 170001 679396 358421 960368 792801 1195845 95829 357855 718656 874560 938668 1036503 1033244 695665 654121 468044 800506 318178 124079 196990 453758 591354 780146 842088 256386 313572 814560 0 629047 673817 613142 829766 398744 684093 393846 566160 772740 287629 200386 718994 989440 459182 590678 586701 162426 611394 518639 443807 907922 744773 276476 353962 248055 731341 1204370 1059507 519085 339693 791775 729851 536654 964571 569588 353081 431515 69254 785932 739916 1066728 96495 962760 897251 667644 291129 536108 452943 495227 357852 871977 886530 428108 536254 437722 767133 366403 739200 259368 470634 592401 553513 315269 689722
219245 103225 495846 319514 430557 80013 317030 503727 554622 461888 302492 340115 425925 618472 578325 416665 415115 477279 353414 480232 414520 68549 618747 250742 586705 584121 505108 483576 381056 284265 157223 223384 418017 451022 188693 629047 0 459970 514185 673141 392326 363305 319845 127289 181091 411429 435827 102399 549975 294008 194315 563495 652573 445802 451615 313830 282091 326755 557010 552981 391960 637139 649048 492137 296782 393058 469091 385315 152100 360395 110491 285529 473704 626530 158254 116244 566057 568938 495579 284706 182194 479728 225927 299695 222336 603492 313325 534219 304435 518682 511505 642464 300805 741171 412292 397611 361932 389772 565687 465961
651305 462298 589161 727853 480065 512471 339734 512709 717519 5611 568492 700674 882630 648611 580884 706603 860442 937141 767980 493079 613089 497513 190989 610598 144401 411906 590213 658477 730554 709656 479406 617562 429368 711439 571797 673817 459970 0 105656 217495 277676 807173 629264 550291 411095 648131 578841 443985 1007132 261136 628247 175574 792158 63282 160344 660126 559896 784837 427614 361785 567179 181321 626306 525295 206329 340280 133134 126886 333034 750896 359503 419852 252742 716651 504144 534286 457238 679208 950402 505181 294694 385232 256502 263314 290391 395705 395627 221724 286216 179135 264384 182540 368507 298888 428667 204139 777639 125508 401605 15956
719314 496049 693488 803246 438516 576176 322763 457432 679212 109693 566013 784354 925169 754262 517812 698130 894332 985636 842519 598498 712095 561049 104802 626120 189478 326445 544293 626852 735615 738390 558565 693279 386487 695644 647776 613142 514185 105656 0 222052 237680 841251 631050 586825 495205 631362 547053 516077 1063979 262273 663493 70140 744832 72520 101642 668588 649734 830260 350068 277500 543997 139571 731308 630598 225835 299673 234830 229902 371489 830410 406202 410807 181629 662837 581976 602110 561142 631918 1009708 598446 368465 322349 292191 261552 313627 304281 494896 316103 278394 83433 180842 164402 355436 227129 387211 169112 800461 127240 319003 117212
853264 679768 698442 920829 660559 719746 539548 677316 901246 214446 778097 881700 1097906 721942 733972 913625 1077532 1150109 961517 590396 755471 705123 186230 826559 93267 527335 765848 848610 943819 927149 672328 811818 608530 914022 766573 829766 673141 217495 222052 0 459213 1024289 840981 767469 599250 849893 768722 645695 1215294 469481 845439 244658 965703 255651 323431 874351 732096 999459 558901 482223 764105 103836 679264 623403 420156 521578 235428 300066 550478 937866 575869 625199 400428 882117 698120 738048 506012 853045 1157117 670954 499530 541021 473879 470360 506415 496970 547763 249371 490630 293620 392169 63850 571060 189638 609263 388607 994931 328002 523756 208750
611514 332072 742685 710965 203752 469855 99726 236460 443745 283162 341741 719661 751044 834368 308559 466509 706352 820965 745643 671665 718435 456077 314190 420533 412741 201925 312963 389410 514307 547381 498334 609206 152279 460299 568295 398744 392326 277676 237680 459213 0 655139 408984 418531 459936 396064 309509 440453 914382 102930 487230 241925 514959 217178 136044 452538 617504 664773 189952 163298 307125 374167 831553 698884 140164 63250 393083 334593 243387 749317 287311 187548 91610 439139 514820 503832 681000 401859 867059 585163 329059 122669 191257 96106 173467 213890 522371 487808 87941 183754 127938 401967 132837 430253 152075 73766 598593 154921 184482 293369
309970 346145 770693 371396 572936 351927 556364 636519 534973 809970 351693 458648 108944 898318 684170 332061 53291 190500 367510 792792 652906 361601 941450 243383 942105 797735 579117 487833 235712 108421 453598 381881 594381 380606 396038 684093 363305 807173 841251 1024289 655139 0 296369 256888 515002 396479 498975 434165 305866 584752 178964 876518 617139 780602 758658 243390 524069 96004 755672 785840 455469 975000 946593 794594 615600 623340 831110 746383 474564 418901 448939 475761 746717 644780 434299 358672 901552 592027 285990 565536 545299 688774 552984 587380 527625 830410 645443 897453 578123 823093 782797 986665 524973 1064862 588751 692182 95919 714260 780565 815553
443074 226832 815546 543597 282840 372980 311698 342021 264701 633501 67605 603549 405038 938241 387849 97082 337622 485846 560477 796806 728128 370826 719828 82279 773449 515963 283465 203699 105369 197943 474085 490280 312573 133226 474736 393846 319845 629264 631050 840981 408984 296369 0 209569 498923 112207 202789 422235 598468 371629 205874 648867 359533 585373 534734 53412 591763 350980 470889 512043 159251 770586 967029 810565 422938 362063 695845 612172 325433 594333 328510 222262 497417 363749 469516 403777 870724 307169 569352 603087 451252 411290 383337 371129 342348 552065 627076 780882 352706 591291 529456 791661 278085 838597 307518 464674 212994 513134 499985 641630
244665 90968 612908 349698 393397 164671 325327 466150 464968 553108 212550 399368 338984 737954 532625 303051 310167 404145 373457 604907 519957 164303 688522 131547 685959 587620 443702 397084 256399 163698 269745 283354 396532 342739 265350 566160 127289 550291 586825 767469 418531 256888 209569 0 306470 313924 365980 224517 495987 336316 77970 625879 562404 524559 508692 192838 383067 247459 552222 565915 318611 719003 772154 615131 361036 399555 579307 493844 217803 398601 192990 261669 508332 551249 262368 194312 693308 492885 450189 398704 298885 477818 296594 339927 274004 614347 439787 651170 334868 574619 545776 729947 298630 812161 390537 445053 238953 459589 569384 558761
263107 274119 321876 321593 560987 163104 417002 629946 720251 410793 474685 289837 553624 440632 708476 595993 562763 586034 362300 299142 263473 154359 596516 431789 506503 661858 651625 648592 561929 453157 75034 213204 535221 628149 168753 772740 181091 411095 495205 599250 459936 515002 498923 306470 0 584149 591376 83326 630747 358288 364653 558367 817087 422766 466658 494900 159909 455377 646218 621201 551682 590987 468334 311665 327658 484089 369108 299827 238279 340519 203159 419660 520152 780427 101093 161464 390209 724732 569929 127161 134708 571374 268743 365441 294856 670922 133998 409064 381664 528308 554714 584693 413924 709850 530257 435103 531556 391763 644380 410847
553028 310767 905058 654659 224388 472860 310502 266346 152909 652938 109503 712041 505242 1024672 296070 82194 432065 586965 672308 877054 825219 468835 709641 193427 791782 459085 188735 92652 169847 305525 568453 597103 267570 64294 578482 287629 411429 648131 631362 849893 396064 396479 112207 313924 584149 0 116716 512726 701848 387494 317802 637016 249065 596743 530595 157757 690502 459309 411209 465402 92164 769595 1048338 893512 446547 338810 732352 652616 381923 705197 396268 228759 475775 252588 566805 505680 939718 197115 676171 696003 516780 365022 423276 384920 378691 498499 706294 822381 362019 578812 502635 795501 279949 822209 263980 462315 305533 525018 445309 662037
610599 333001 912169 715642 115559 507976 241506 149644 141899 584033 158947 761900 607754 1025461 185266 198875 538754 688634 738282 870531 846665 500733 616329 270781 719159 344791 81376 80005 283141 399847 590477 643911 164859 171632 618173 200386 435827 578841 547053 768722 309509 498975 202789 365980 591376 116716 0 530468 800997 327168 391562 543700 231015 522299 445430 255587 717366 551442 296481 354877 47738 681949 1041178 890645 389552 247534 677568 603747 364277 764541 390404 182469 379402 190758 593960 543520 917260 133681 770395 712282 500801 256704 384299 322820 339615 384944 701554 770842 297617 486192 402158 711109 218214 723662 162695 381102 412691 453373 331846 593773
207882 202345 393483 287294 513039 83405 381628 584623 653732 444686 403430 280296 478577 516180 661605 519016 482928 516724 326442 380407 316260 72573 620199 352057 554781 640313 595911 582326 480710 369913 61680 177833 493535 553331 133020 718994 102399 443985 516077 645695 440453 434165 422235 224517 83326 512726 530468 0 571154 337636 281327 573886 751408 444124 471506 414944 189402 379261 619084 603750 488260 625254 547956 390927 321170 454157 424174 346811 200812 317311 158552 368285 511518 721034 74414 92779 473472 664118 512032 183541 149399 542338 253503 344364 267638 654316 217294 475415 355843 536696 548084 624006 372372 738609 488148 428963 448325 400858 622226 446563
367648 583161 774425 336880 865369 495616 820941 932732 840428 1008597 647890 420721 198590 890618 985370 637591 278954 117436 302476 835477 644292 510340 1168367 535052 1125313 1078835 881914 793543 540863 401341 555904 425213 880005 685863 465010 989440 549975 1007132 1063979 1215294 914382 305866 598468 495987 630747 701848 800997 571154 0 828304 432378 1111136 920447 995754 996472 546586 556304 254737 1040247 1060303 755954 1186202 954243 824970 843151 894127 995009 917746 695422 354298 658117 751083 1003634 950620 530064 478375 965261 897831 62234 617644 715784 968639 773391 832600 761044 1107823 733622 1039772 829711 1063410 1041257 1189440 793107 1291056 874128 936619 400229 938686 1060918 1011767
513018 246172 649267 610777 245508 369886 86921 299582 468767 265810 308751 617163 674492 746596 377704 445759 637340 740341 646226 584688 618605 355768 358157 363918 405341 304263 354765 404960 475136 479602 395406 507653 202989 450504 466187 459182 294008 261136 262273 469481 102930 584752 371629 336316 358288 387494 327168 337636 828304 0 409985 291815 551924 213830 173925 406956 515053 583660 288251 266165 309529 400978 749139 610218 62554 130580 350497 277492 142689 648058 186331 158846 179720 487833 411971 403102 607575 441987 778478 484288 229752 214818 89903 7227 72012 316694 428569 443684 31187 238739 217566 420346 109885 480949 199824 108759 539112 141517 286532 274734
240769 167579 656007 338517 438141 207868 390991 508484 470546 631074 232619 403440 264709 782984 568812 286703 232253 333935 354604 658587 553091 212580 764572 124638 763801 646466 472304 407833 218575 89976 316581 295802 448790 332180 289594 590678 194315 628247 663493 845439 487230 178964 205874 77970 364653 317802 391562 281327 432378 409985 0 700930 565182 601976 583352 170771 416208 178670 608266 628474 343994 796418 822210 665896 437665 462672 655757 570492 295611 389492 270672 318707 578106 566959 303825 228541 754689 509366 391458 442049 372840 536267 374165 413149 350071 675625 498593 725786 406135 648716 615098 807739 361896 888158 442860 518383 168006 536323 628540 636730
773806 534981 763567 861055 430600 629509 337170 438213 669043 179420 582171 846205 964824 823999 490884 708416 929148 1028399 899770 668583 780593 614435 72742 652499 236796 283334 530526 622237 754202 771348 619242 751678 379310 701076 706515 586701 563495 175574 70140 244658 241925 876518 648867 625879 558367 637016 543700 573886 1111136 291815 700930 0 727245 137804 117896 690085 714679 872082 314289 237591 546782 144650 800097 700713 267993 298537 302424 299936 415752 890152 453646 426607 164688 641195 641923 657237 629067 615686 1058399 664914 428641 301429 337996 289457 352266 255172 563708 379509 301420 58234 149454 181172 370791 190352 381101 186237 829375 174415 279183 186461
802001 549676 1138851 903118 312274 718546 465024 289050 98068 797582 352297 961048 721961 1254191 247313 288183 642030 803130 919660 1100578 1066927 713429 797356 441671 926997 472824 202001 169091 381995 541218 809558 845753 362825 239198 825845 162426 652573 792158 744832 965703 514959 617139 359533 562404 817087 249065 231015 751408 920447 551924 565182 727245 0 732137 645636 398251 934186 692688 427871 503336 265909 871140 1271485 1120039 614419 451974 899691 829394 594622 953810 618772 413421 565476 93898 810135 752317 1148132 113183 902960 934747 731434 425863 614469 546864 570058 513698 930998 993969 521294 673350 578084 904650 445700 890109 363505 588724 521352 667530 467431 807688
648210 434475 630046 731147 420621 505690 286440 450772 659531 68886 522491 711839 861402 697230 518110 658576 833848 919882 770532 538662 643083 490568 176079 573241 196861 349933 530141 602214 688463 679757 486090 621094 369407 660588 575541 611394 445802 63282 72520 255651 217178 780602 585373 524559 422766 596743 522299 444124 995754 213830 601976 137804 732137 0 97286 619437 577764 765339 364556 299781 513273 194448 678947 570096 166918 280260 193507 168063 307271 757988 339490 370281 189678 655280 509572 530896 512722 619027 940781 527260 296125 322203 228032 214777 254858 335396 426542 284276 235595 125136 202952 208358 316934 296150 369016 143416 744597 72395 339164 79202
665751 417918 706034 756828 337510 520926 223956 360065 578190 165919 468756 748989 847499 781507 424312 598683 811265 911881 794626 620579 705920 506006 185838 535366 282368 253507 444372 525255 639838 653458 521334 648841 285512 594890 604488 518639 451615 160344 101642 323431 136044 758658 534734 508692 466658 530595 445430 471506 996472 173925 583352 117896 645636 97286 0 574448 626023 755382 267289 203416 442663 239019 767570 650929 154875 198147 290135 254340 301494 788806 341162 313001 92407 565513 542439 550511 604656 532521 944700 581865 332765 227839 225842 171585 235863 241603 493840 381538 184344 67109 108303 265942 257209 307560 286044 70060 711867 76363 242208 176156
411465 231475 805594 508677 335531 357168 353748 395399 306615 664105 116376 573864 352208 930239 440805 115942 284212 433272 522792 794035 711848 357140 760177 63149 803552 567498 335842 250409 72508 147835 462468 463976 363619 161900 452869 443807 313830 660126 668588 874351 452538 243390 53412 192838 494900 157757 255587 414944 546586 406956 170771 690085 398251 619437 574448 0 574658 301598 522901 562057 212587 807757 962743 805757 454398 408703 718681 633874 344010 559769 340365 264991 542307 410243 455072 385069 875077 354817 518986 591510 461612 461761 408647 407193 370288 603030 626207 800795 390662 633047 575368 827078 320146 880310 358416 504555 159775 547731 551274 671784
218406 385316 246632 220281 702379 218783 567499 773753 836150 558904 582751 153912 530624 374345 850933 686110 562831 540693 258043 282365 137287 221715 748818 514519 638903 819284 784543 765351 632727 493383 127869 145521 681855 724918 129502 907922 282091 559896 649734 732096 617504 524069 591763 383067 159909 690502 717366 189402 556304 515053 416208 714679 934186 577764 626023 574658 0 443148 801573 779667 673952 736132 423838 277076 487229 637761 496839 440237 386124 217896 345815 557687 679858 908123 124053 189663 409187 850738 494116 64963 294616 725724 426384 522111 448664 829646 191479 514673 536700 686855 714572 725451 560353 858114 676561 594902 567583 550707 801585 557623
