NAME : TSP_INST
TYPE : TSP
DIMENSION : 100
EDGE_WEIGHT_TYPE : EXPLICIT
EDGE_WEIGHT_FORMAT : FULL_MATRIX
EDGE_WEIGHT_SECTION
0 592766 899294 412152 636135 245710 486990 212054 240331 223677 389367 793378 304545 878658 277783 772995 667207 285602 427083 249690 866003 796860 317517 143862 995702 422277 211992 156405 831542 461082 600333 324365 500316 724491 448765 746334 220123 631878 744386 935061 235102 614002 261798 73715 323095 503265 454721 579435 203459 737811 81659 567858 943201 542186 738370 570690 531567 422392 358562 673362 690328 871221 831064 297015 409964 455069 759048 943950 48645 494880 669158 797016 266488 683874 569444 874637 511505 743489 685606 412921 639834 152737 421970 543947 874480 800485 572164 489028 731550 688453 545903 761970 736549 850218 856584 506028 586250 484770 788511 360882
592766 0 400061 508672 572647 438839 352273 559698 451975 376017 296769 416350 636211 351419 365966 182016 652766 464674 457149 550796 505194 440431 498040 484873 550520 308278 461938 546804 564602 147044 355271 453510 711992 345395 307507 541713 560350 178194 431749 596039 380544 391624 388470 519632 298663 91219 251011 733056 407074 298610 544332 207210 583700 331345 150459 32476 110686 397511 279687 336966 226801 294383 311444 383509 511191 539274 309802 467536 545212 212118 93591 436385 498036 93412 321931 430126 187977 291460 153601 181584 550662 579356 613489 167607 287023 226860 81089 239035 246870 370124 653741 397447 605450 346914 429713 517928 570384 133394 265371 477937
899294 400061 0 623170 526958 811244 452351 781477 686178 679236 513329 188268 1016954 557997 623907 348085 599363 847426 856263 754727 220980 213581 886193 829431 163230 487739 827031 901433 343527 462196 740659 635329 785054 207327 464643 395118 778105 272415 265576 288799 735965 364343 642691 827806 577093 450855 650382 760818 695848 619080 875639 331440 261611 726285 289651 397303 510741 530735 540861 698884 562366 427710 548669 764045 626833 623397 143763 693093 851230 612111 309756 208285 877598 330839 361183 93030 388982 605635 474419 520048 498872 932453 1009659 564177 379457 211947 476954 638994 171274 730577 686399 207231 484612 53699 119037 567372 562858 527852 523063 630329
412152 508672 623170 0 224763 510795 180051 211320 187019 303714 218738 463494 677046 860031 225120 667476 258459 568148 677308 172950 512600 455208 616364 446101 667189 200405 497546 514388 445571 373955 740810 102293 203498 417119 203832 352275 204293 420817 394161 562596 428226 265179 217109 369956 268630 434872 562784 237725 280566 781947 444077 344833 578171 687208 599349 476241 529844 112589 258573 774125 712758 791729 819101 513603 3693 47692 483431 971313 379876 571475 531514 457495 574693 565225 264949 565388 327964 779382 658018 378432 231388 531324 755025 583262 771257 621087 547375 585689 490784 802442 168646 433829 327469 587738 540295 95136 174125 491519 772579 57260
636135 572647 526958 224763 0 707852 236403 435197 403328 500294 353218 340650 889112 908584 415125 689003 81849 763965 855790 396377 354142 320114 812731 657049 518531 314229 700308 728978 252913 475962 875079 315546 282765 331404 296726 158111 427905 424137 262163 377187 620363 192397 415393 590054 433080 526928 705805 238498 485618 869873 663024 367752 399882 828506 610867 542269 632192 245371 407051 888690 797888 813049 875074 698481 227274 186694 412746 1034968 601940 700775 557510 324522 776041 596241 252351 446731 389135 863596 725178 505390 28181 748613 954074 694707 780705 601338 634881 720841 449653 920191 174197 319750 104968 508606 418375 130116 56305 606016 831310 275617
245710 438839 811244 510795 707852 0 496324 379763 329119 208643 371251 754788 207000 663957 292994 602405 762133 57395 188204 404116 839786 767266 105673 102973 938167 413474 34732 121628 841843 349960 357338 408539 664092 678242 438966 774158 386460 541256 727954 922322 88872 616382 295451 203821 284237 364593 233475 729711 230613 510665 165607 500222 922125 300428 588816 427549 347671 463085 318773 434943 473455 680238 616633 61965 510284 558478 686374 713264 219787 280243 529365 765667 71236 531513 551505 812011 438424 518493 489084 291847 701623 152462 246271 337537 693625 664840 391445 266712 640777 447119 674642 725783 792764 758079 800928 588021 670414 308531 578165 453674
486990 352273 452351 180051 236403 496324 0 333803 250778 299898 125774 312330 692136 700621 218621 496255 310522 549675 628075 304182 379654 312136 597835 465764 518325 83633 495294 541476 351563 240837 638757 185283 372956 252388 61455 278009 329567 241921 257616 448581 407461 127690 228827 424533 212259 294850 469842 383081 297943 643153 489299 167399 456211 592171 424632 320256 399025 78416 179983 654694 571607 621660 662744 477211 183457 196861 309662 819797 443296 464435 359677 312855 567038 395594 91680 405186 164322 638204 505695 269165 221125 566546 739255 460241 597745 441658 405936 484445 311541 685740 302925 280919 302481 413117 382960 166038 221999 370477 617141 178198
212054 559698 781477 211320 435197 379763 333803 0 107918 216055 281448 645055 504221 892966 193936 738821 458658 434317 565791 39046 706091 642341 477946 289458 851328 296706 355628 342524 651881 412789 687559 148753 293915 585945 317649 560789 8077 536780 584241 764617 318668 450867 171560 191510 261723 470370 514966 369662 178990 779906 263652 462095 777331 628999 685503 530458 537474 257219 281260 742625 719048 853944 847338 405946 208513 249509 637719 983628 191630 540816 613456 643643 429335 638743 424909 738888 419567 781498 687852 386395 442704 351253 604762 573164 845090 729525 568903 545687 626772 765268 333881 613844 538642 738314 716750 306371 382416 490939 801255 169786
240331 451975 686178 187019 403328 329119 250778 107918 0 131619 177221 562052 490072 787786 87017 630904 444968 386400 504918 102641 630247 562861 433809 259170 767201 198441 312958 327684 591297 304993 601226 87825 339787 497614 222245 506206 108378 433724 508029 696368 252259 375980 65245 187090 154850 363018 424592 401162 100149 679987 259696 360718 705737 543858 577989 422593 433799 182389 173356 649773 617115 746303 742602 340516 185842 234151 542763 881859 200943 445574 505925 563489 390125 530881 338002 650241 314687 680744 582245 280641 404082 345733 570449 473236 737177 623695 463549 453270 526695 674284 346043 530550 500420 640931 629846 274794 357535 388089 696288 130406
223677 376017 679236 303714 500294 208643 299898 216055 131619 0 182023 587346 393460 688287 85363 557918 553491 265632 375555 226270 666217 594747 314243 166075 784439 221638 200149 242007 651170 238540 473025 202028 471067 514559 248705 576526 220153 409519 547885 742593 124529 425684 86998 150313 102760 285028 298999 529808 37212 566607 198445 348793 746600 414950 517837 351490 331992 256971 140230 526570 508374 663646 641621 211059 303450 351260 541320 771840 175033 325327 447572 594121 275791 464703 368905 660793 290281 569042 486206 194434 495281 268354 454694 360804 661918 577465 368042 329642 509947 549369 469954 556541 588101 629151 644835 379386 461863 284364 596473 247055
389367 296769 513329 218738 353218 371251 125774 281448 177221 182023 0 406748 569601 646028 111628 467297 420537 424111 504062 264053 484353 413122 472173 347414 606835 42282 371704 423422 472194 156009 531753 157422 421195 335747 68036 402988 280058 256506 365896 560713 282492 246192 129430 320696 87055 217403 356968 453791 188442 563209 378536 184253 564585 481371 407907 264951 311177 118064 54546 558455 494124 587917 603758 351512 220714 256542 371189 753824 342449 358922 336360 412645 442197 365111 186890 485271 138120 560696 441955 162227 341579 450318 613527 365825 573390 448218 329187 375839 350508 587732 378844 375672 427085 466394 467476 254857 327982 273894 557065 181848
793378 416350 188268 463494 340650 754788 312330 645055 562052 587346 406748 0 960895 673035 516800 445384 411411 800030 839805 613570 89762 29871 844261 750017 206278 371269 763215 825500 172451 414737 771176 496322 607444 77316 344628 207876 640407 241070 78535 180148 670415 198427 531631 726717 486173 429321 643144 577028 595044 692350 785083 256413 171459 742995 368859 399216 518179 387836 448348 750132 625522 553347 652279 718412 467180 455500 118498 808829 747609 615389 349772 24286 825212 384736 224398 106866 317362 681350 537927 470283 312786 853976 979051 581061 510566 321397 497030 641622 183439 783268 505072 31508 297195 180880 79176 395140 379946 518268 616998 481710
304545 636211 1016954 677046 889112 207000 692136 504221 490072 393460 569601 960895 0 812199 478097 788288 934932 171555 242047 537769 1045135 972658 143578 232099 1145163 611213 198564 163474 1041793 556635 462327 576830 797990 884605 637621 969654 512108 747885 931591 1126458 290790 815786 474644 313946 483083 567854 403618 873209 403730 647376 240576 707002 1127234 418550 783967 628270 536465 649364 519436 550924 627505 851168 766946 253912 675780 723932 893304 834093 312892 451950 728703 971218 139446 726950 753727 1019002 645161 658410 662428 498536 886286 153587 137843 511749 871316 863061 579595 431264 846961 551536 829936 931596 980398 963603 1007888 763234 846341 503141 734778 620434
878658 351419 557997 860031 908584 663957 700621 892966 787786 688287 646028 673035 812199 0 700836 228552 990211 660932 575254 889671 748136 702355 671548 745401 718545 659627 696486 785527 843347 491239 362183 800822 1063399 623303 658641 847595 894853 485738 718028 832499 644250 718574 722600 811326 633274 429901 430939 1083180 724004 167731 812327 542605 810075 395338 307538 383885 356578 748907 621917 275658 190561 132288 47644 602164 862519 890472 554904 136306 835991 386170 351378 697024 696785 312462 656817 633420 536990 155006 205791 507150 884199 816298 731040 334711 181850 355579 324238 397299 492814 290436 1003373 666972 923822 522460 647784 866650 913341 404026 91870 827845
277783 365966 623907 225120 415125 292994 218621 193936 87017 85363 111628 516800 478097 700836 0 545885 469751 349548 452499 189010 592142 521765 398289 248447 718092 145755 285503 323659 570065 219312 526131 127119 406362 446896 172747 493101 194992 361866 471890 665457 206600 345873 22538 209918 67883 276434 347872 457958 79528 595214 271228 293160 671175 470172 495465 337127 347443 171653 90609 569585 531367 660081 655743 289500 225334 271931 482370 796003 231110 364696 423485 521593 360926 446814 294180 596867 240830 595522 495253 193690 409920 348071 539260 388886 651987 545279 376613 374555 458901 595323 393432 485528 502837 576137 578862 295641 377629 302224 609386 170386
772995 182016 348085 667476 689003 602405 496255 738821 630904 557918 467297 445384 788288 228552 545885 0 770852 619316 581077 727694 522863 474493 645612 659359 511315 470746 629002 716647 615000 326678 418387 624534 867785 394817 463752 619979 739054 265161 489545 609255 553998 497085 568422 700260 479251 273225 385514 878055 589084 272473 721165 330688 588599 419741 79594 208919 254747 554896 457621 361380 222587 125605 207433 543099 670373 691947 326981 363665 725849 337932 136590 469226 654546 102613 440422 413733 339729 258528 142438 363509 663578 749202 743494 278793 106369 136430 210967 361210 264296 391147 797509 438537 697842 305463 425274 660173 698751 295787 176176 643993
667207 652766 599363 258459 81849 762133 310522 458658 444968 553491 420537 411411 934932 990211 469751 770852 0 819030 917966 419725 413274 388450 867699 703376 576759 383840 751717 772626 299348 551336 948284 358197 251430 409136 368961 212912 450867 505973 333833 421896 676350 274132 466838 628208 495785 604119 776512 187694 534716 949189 702456 448820 447953 900192 692691 622065 708979 306545 472996 965061 877250 894866 956429 757726 260022 212856 490836 1116181 637316 774030 639245 393272 828433 677937 333639 515656 467824 943217 805674 577314 108013 789783 1008068 770683 862336 682199 713347 793170 530052 996215 146846 393131 132347 584219 487148 174142 93103 680969 912490 314562
285602 464674 847426 568148 763965 57395 549675 434317 386400 265632 424111 800030 171555 660932 349548 619316 819030 0 141482 459809 886171 813692 48769 149603 979092 466393 79254 141037 892666 389784 333951 465904 720533 723048 491378 827021 441201 580288 776415 970033 143687 667890 352549 252975 337433 397250 237877 786773 288007 501682 203943 544131 968732 280513 612717 456880 366037 518888 370799 416938 471914 688324 614293 83410 567651 615828 726727 699532 266085 286335 557156 811861 36118 555623 601500 852945 482727 510930 497802 332060 757245 165672 190316 345792 705562 691531 409460 268275 678248 425172 732016 771620 847726 793922 843130 644893 727141 331694 578552 511043
427083 457149 856263 677308 855790 188204 628075 565791 504918 375555 504062 839805 242047 575254 452499 581077 917966 141482 0 587855 928834 857609 118577 289173 1001117 545095 218037 279420 953419 426710 220378 576817 844132 762745 566981 898248 572189 604853 828823 1016787 252684 735098 460637 391658 422855 413172 206138 905261 404781 408565 345425 585768 1011191 179939 592794 459315 347280 611900 449606 309242 396442 626558 531325 164556 677344 724366 751233 592060 406328 248118 549992 854938 164962 538594 663699 876862 528208 420422 444841 375042 845426 299921 162701 304111 652431 676551 385668 222377 694860 309567 844879 814075 930540 802763 871484 745120 824928 329160 502691 621489
249690 550796 754727 172950 396377 404116 304182 39046 102641 226270 264053 613570 537769 889671 189010 727694 419725 459809 587855 0 672428 609799 504704 318214 819783 274457 382004 375104 615323 403852 699237 119409 262525 556539 293444 523583 31539 516146 550984 729181 337425 417839 167729 223922 256397 463104 524125 335456 190456 782531 297430 440372 742556 641220 671355 520636 536312 226402 271109 750539 719755 845087 844705 425743 170057 210508 611140 984496 226471 546953 599515 611292 457130 626526 395786 709179 401477 783360 683982 382610 404236 385557 634453 575733 834061 711628 565510 553673 603365 774372 296446 582545 500005 712839 686425 267846 343435 490710 798308 134252
866003 505194 220980 512600 354142 839786 379654 706091 630247 666217 484353 89762 1045135 748136 592142 522863 413274 886171 928834 672428 0 72522 930961 830571 164416 446551 846917 906393 126677 503056 860296 558513 633781 166144 419452 200380 700816 330728 122315 90852 754357 255522 605401 801505 566605 518965 732805 592157 671283 776702 862551 344131 82682 832623 448823 488680 607782 450727 528987 837582 711040 624294 730292 805111 516211 497177 200756 884404 821391 705144 435653 74374 910536 469335 298036 128107 404282 765250 622833 557941 328370 934125 1066695 670474 579231 392933 586048 731384 266998 870661 526908 115027 285731 234156 105007 433801 401879 608001 697018 538495
796860 440431 213581 455208 320114 767266 312136 642341 562861 594747 413122 29871 972658 702355 521765 474493 388450 813692 857609 609799 72522 0 858555 758708 211991 376019 774480 834464 142587 431370 794525 493942 591498 96290 349030 181540 637391 263612 61877 159359 681890 192128 535621 731472 494680 449204 662967 557811 600650 719471 791592 272263 155049 765040 397592 422099 540466 385547 456995 775426 652135 583064 681178 732716 458875 444311 147514 838051 751757 636579 376500 5673 838014 412029 227667 127215 332047 708661 564906 485874 292608 862387 994524 603892 540391 351173 520738 662594 211685 808593 487536 43847 271035 209516 98712 382624 361952 538673 645512 476759
317517 498040 886193 616364 812731 105673 597835 477946 433809 314243 472173 844261 143578 671548 398289 645612 867699 48769 118577 504704 930961 858555 0 189703 1020660 514447 122710 164355 939694 431963 330227 514087 766235 767116 539241 874931 485021 621326 822359 1015488 192424 715304 401104 292674 385666 435343 260392 833532 335984 508490 236626 587985 1013596 281488 643973 492537 395402 567637 418628 416797 485218 707676 625755 125862 615821 664054 768245 700792 303346 308600 591276 856601 51136 587295 648297 894642 526925 518856 518858 374776 805964 182289 141677 368380 727777 724397 438074 287692 718122 421252 779694 816200 896311 832561 885591 693569 775861 364650 592474 559209
143862 484873 829431 446101 657049 102973 465764 289458 259170 166075 347414 750017 232099 745401 248447 659359 703376 149603 289173 318214 830571 758708 189703 0 943562 387585 71136 76011 817185 370760 456579 345180 580709 675831 414589 741528 296752 557060 713193 908106 105449 591759 243301 103438 264038 400663 316436 651315 172074 599094 67434 504152 911464 398593 634673 467584 408863 418532 301783 530697 555443 748589 697769 153474 444988 493320 696076 804272 117215 359340 569440 757855 140104 578136 534168 818586 443191 605608 559280 315435 654529 104133 316300 412104 756641 704460 451532 350755 658308 545050 602789 719582 749056 777659 804259 531238 614360 364381 656797 389183
995702 550520 163230 667189 518531 938167 518325 851328 767201 784439 606835 206278 1145163 718545 718092 511315 576759 979092 1001117 819783 164416 211991 1020660 943562 0 573671 950156 1018047 281988 589322 898472 702589 797398 271213 547585 364188 846684 399439 273400 178753 857503 403331 734053 927519 681970 589163 796996 756566 795073 782075 982878 440020 146853 880771 451380 543063 660506 594111 644267 860080 724436 587162 710967 895980 670857 655711 252423 852672 949188 761813 464420 209733 1006995 489214 429204 126184 501676 768717 636071 647194 492617 1047670 1149709 717373 538182 375130 629921 788755 306313 892065 690983 237511 447421 209642 139607 593373 565697 672153 686145 687578
422277 308278 487739 200405 314229 413474 83633 296706 198441 221638 42282 371269 611213 659627 145755 470746 383840 466393 545095 274457 446551 376019 514447 387585 573671 0 413563 463575 430663 177012 565280 159177 403815 302583 27171 360723 294236 241858 326870 521197 324684 204694 160482 355592 129240 236550 392685 429507 224733 586037 416118 165923 526012 516415 406514 275858 335914 90605 96354 587655 515753 593775 618824 393579 202913 233010 344348 771888 376340 391415 336419 375838 484380 368138 148518 454030 132146 582579 458036 194073 301437 489891 655782 393648 575867 439268 349517 409723 330078 617697 352335 339933 385570 442806 434925 222915 292079 302060 572355 173363
211992 461938 827031 497546 700308 34732 495294 355628 312958 200149 371704 763215 198564 696486 285503 629002 751717 79254 218037 382004 846917 774480 122710 71136 950156 413563 0 89534 843801 364841 392054 395355 643573 687260 439736 773244 362615 555643 733033 927924 92873 617845 285350 174070 284903 384333 265597 711422 217243 544384 131341 510676 928905 335155 612327 448839 374663 457008 320988 469570 505926 709855 649067 94570 496804 545196 699280 747448 188313 311635 551056 773123 77204 555096 555203 824185 448824 551993 518877 307026 695420 121420 257597 368025 721935 686734 418324 299212 656010 481849 658976 733682 787958 774199 812053 577983 660848 333779 610041 440286
156405 546804 901433 514388 728978 121628 541476 342524 327684 242007 423422 825500 163474 785527 323659 716647 772626 141037 279420 375104 906393 834464 164355 76011 1018047 463575 89534 0 892977 440629 472958 414990 636413 751030 490589 816706 350300 629053 789175 984104 167813 667664 317434 151232 339794 466000 354821 710509 246124 631952 80461 578232 987373 417746 697235 531869 462893 492734 377475 553540 594997 799161 738170 183368 513029 561045 769602 833704 153136 401104 634155 833566 114663 640192 610155 892788 516940 639957 608267 384011 727398 32596 267240 457550 810656 769733 506411 388239 730168 563784 666468 795157 822463 849259 878911 601882 684871 420940 699416 458075
831542 564602 343527 445571 252913 841843 351563 651881 591297 651170 472194 172451 1041793 843347 570065 615000 299348 892666 953419 615323 126677 142587 939694 817185 281988 430663 843801 892977 0 529396 913063 510619 535471 223690 404172 96123 645651 386667 132853 124351 753610 226008 579185 773115 558900 558570 768796 484438 649171 852640 839942 374502 148736 878657 537107 542466 657057 409210 523248 901567 783669 725331 820765 815425 448919 420527 288791 978647 790280 747980 509997 148169 913052 547035 291589 250829 426977 842553 698089 578467 231207 918089 1079456 721817 682928 493624 642686 772886 350859 934726 426608 176541 167516 348496 224628 356344 306498 648338 783812 482190
461082 147044 462196 373955 475962 349960 240837 412789 304993 238540 156009 414737 556635 491239 219312 326678 551336 389784 426710 403852 503056 431370 431963 370760 589322 177012 364841 440629 529396 0 400499 309600 576970 337431 184653 482928 413356 191296 402554 590311 274015 320102 241846 387369 152618 61512 240746 606330 266176 409111 422918 159170 585645 357474 280105 117822 159369 267392 132784 413934 339139 441427 448322 306781 376090 409409 337015 597825 412602 227049 209221 428881 417920 228808 246132 463165 102419 405906 286371 58114 458363 472197 564627 219435 432697 339432 173420 249359 291198 444904 529346 388068 529645 409452 453634 398514 462351 130110 401599 337531
600333 355271 740659 740810 875079 357338 638757 687559 601226 473025 531753 771176 462327 362183 526131 418387 948284 333951 220378 699237 860296 794525 330227 456579 898472 565280 392054 472958 913063 400499 0 651382 932113 698719 579351 878217 692247 530963 780935 951110 377489 717806 542144 547199 472584 357594 178518 978426 509372 194587 522203 540747 938965 59109 454167 372505 256020 649744 484016 89257 202733 433072 321302 303377 741931 783672 664591 371826 567812 174327 434470 790670 366701 409873 643796 782144 496869 208105 276164 371224 858402 499405 369789 191297 467197 538088 274274 155931 600477 91328 907409 751130 929629 689885 783663 786573 857216 271001 300265 691530
324365 453510 635329 102293 315546 408539 185283 148753 87825 202028 157422 496322 576830 800822 127119 624534 358197 465904 576817 119409 558513 493942 514087 345180 702589 159177 395355 414990 510619 309600 651382 0 280887 437637 175746 422917 144318 400575 436391 619772 326531 303010 116220 274598 180659 370931 472869 330891 178283 708476 347500 324043 631177 596123 563541 421957 456724 108511 180840 690948 641674 745331 757618 412648 101746 149985 491769 904463 287369 486342 492508 495151 472473 522193 276698 590469 290014 707387 595652 301449 316787 433497 652775 504752 730502 598440 479982 498131 485231 717820 268089 465097 413315 593671 568113 187040 269911 414635 710897 45147
500316 711992 785054 203498 282765 664092 372956 293915 339787 471067 421195 607444 797990 1063399 406362 867785 251430 720533 844132 262525 633781 591498 766235 580709 797398 403815 643573 636413 535471 576970 932113 280887 0 578764 405769 440848 286114 614127 530295 659813 591522 421753 391907 485281 461174 638081 753634 85319 439632 983828 557483 540354 682626 876494 797428 679538 731460 314775 457045 971205 915211 992692 1022590 680017 201144 176130 654038 1174630 485138 766909 731315 595175 719266 766072 445758 714104 529510 981676 861504 578130 306444 644749 896974 782885 970324 812275 750330 779008 672926 998436 108985 581787 376574 757103 686619 219916 231950 691672 976075 243023
724491 345395 207327 417119 331404 678242 252388 585945 497614 514559 335747 77316 884605 623303 446896 394817 409136 723048 762745 556539 166144 96290 767116 675831 271213 302583 687260 751030 223690 337431 698719 437637 578764 0 276711 228241 581853 167783 94729 255283 594403 157239 462878 656438 412610 353146 566972 558688 524114 629226 712823 179169 248455 668794 315861 326215 444299 330290 374779 681439 560701 510202 598757 641283 420799 416102 81767 757666 678001 540294 286349 92941 748512 323360 161039 153012 240321 618991 474602 392995 303334 779921 901746 507891 470968 282832 425290 566327 131691 714626 482349 52527 312121 179354 132405 360293 361147 442489 560868 428041
448765 307507 464643 203832 296726 438966 61455 317649 222245 248705 68036 344628 637621 658641 172747 463752 368961 491378 566981 293444 419452 349030 539241 414589 547585 27171 439736 490589 404172 184653 579351 175746 405769 276711 0 335692 314742 225590 299699 494046 350296 178165 187004 382477 154971 241753 409086 426099 251839 591669 443272 148710 498849 531912 396830 275050 343958 91272 120613 598113 520714 587897 618922 417501 206676 231831 320976 773764 403047 405074 328082 348901 509995 361420 121440 428662 124132 587535 459340 208755 282278 516998 680360 403638 567918 424955 354348 424476 309921 628709 347502 313246 363726 420713 409114 214290 278541 312857 572724 183999
746334 541713 395118 352275 158111 774158 278009 560789 506206 576526 402988 207876 969654 847595 493101 619979 212912 827021 898248 523583 200380 181540 874931 741528 364188 360723 773244 816706 96123 482928 878217 422917 440848 228241 335692 0 554309 369507 136973 219656 685328 163621 500010 690807 489932 520626 723552 393449 570995 837845 759710 338743 241779 839135 540450 515838 623694 326200 456304 875820 766933 737719 820331 752818 355528 325327 306833 980398 706689 707993 501560 186842 844974 540238 236957 307221 382337 829132 685214 526549 135347 840383 1016020 688692 699119 511026 615400 731517 359535 908663 332293 196642 89496 387739 278871 261377 210707 608502 780220 391772
220123 560350 778105 204293 427905 386460 329567 8077 108378 220153 280058 640407 512108 894853 194992 739054 450867 441201 572189 31539 700816 637391 485021 296752 846684 294236 362615 350300 645651 413356 692247 144318 286114 581853 314742 554309 0 534837 579075 758784 324431 445744 172755 199221 262865 471322 519150 361665 183226 782938 271533 459867 771716 633770 685069 530904 539697 252612 281433 746644 721696 854680 849351 411934 201441 242032 634367 986352 199589 544450 613047 638749 436543 638716 420847 734739 418151 784384 689582 388003 435642 359193 612241 576131 845364 728263 570692 549667 624199 769509 325822 609243 531481 735256 712431 299271 374966 493325 803197 163771
631878 178194 272415 420817 424137 541256 241921 536780 433724 409519 256506 241070 747885 485738 361866 265161 505973 580288 604853 516146 330728 263612 621326 557060 399439 241858 555643 629053 386667 191296 530963 400575 614127 167783 225590 369507 534837 0 253856 421206 464044 232951 382391 559327 308812 191702 404269 617156 428944 469020 604258 76993 411262 501925 188225 158490 277122 311155 274274 515028 398748 389996 454633 497005 424085 438362 147228 615133 583408 374696 134549 259847 609018 173606 175845 273654 121147 459930 315769 249409 399084 660039 750669 340292 360875 200431 257584 401103 101260 548203 536620 220167 440153 220708 266713 400049 433984 278790 412775 408818
744386 431749 265576 394161 262163 727954 257616 584241 508029 547885 365896 78535 931591 718028 471890 489545 333833 776415 828823 550984 122315 61877 822359 713193 273400 326870 733033 789175 132853 402554 780935 436391 530295 94729 299699 136973 579075 253856 0 195074 641115 133401 484449 680639 450014 428006 639881 498569 551284 720796 742889 244944 199297 747567 410564 409777 525038 328463 412826 768714 651436 604424 693250 696941 397816 382521 170280 852319 700143 617302 378937 65076 799080 416560 179030 185136 300620 710970 566433 454197 234268 816213 960349 589641 564498 375593 509945 642562 226080 801873 427080 60341 224418 252628 157058 320748 301739 517946 654983 417382
935061 596039 288799 562596 377187 922322 448581 764617 696368 742593 560713 180148 1126458 832499 665457 609255 421896 970033 1016787 729181 90852 159359 1015488 908106 178753 521197 927924 984104 124351 590311 951110 619772 659813 255283 494046 219656 758784 421206 195074 0 835842 321111 677095 873070 645083 608422 822232 608067 744972 866166 936678 431140 31905 923128 536721 579344 698323 514363 607896 928226 801044 706484 816440 889787 566062 540699 290740 968788 891832 795291 525966 162373 993354 559171 373977 201200 490181 854510 712640 644237 355003 1010947 1152399 761174 660223 476947 676876 821433 356950 961285 550959 203134 289554 312323 184719 476377 430363 697748 784357 595058
235102 380544 735965 428226 620363 88872 407461 318668 252259 124529 282492 670415 290790 644250 206600 553998 676350 143687 252684 337425 754357 681890 192424 105449 857503 324684 92873 167813 753610 274015 377489 326531 591522 594403 350296 685328 324431 464044 641115 835842 0 527946 211273 172530 195447 298302 220400 652979 152112 503095 169701 417869 836445 318387 530727 364497 303606 375215 230369 443676 455371 643620 596617 88615 427977 475745 606937 709523 195396 259778 466704 680480 159707 473930 463871 731595 356030 508522 454921 216776 613561 200030 333984 309762 651226 602174 346141 254555 564761 461674 594329 640952 704236 683391 719273 502238 584149 258936 554676 371578
614002 391624 364343 265179 192397 616382 127690 450867 375980 425684 246192 198427 815786 718574 345873 497085 274132 667890 735098 417839 255522 192128 715304 591759 403331 204694 617845 667664 226008 320102 717806 303010 421753 157239 178165 163621 445744 232951 133401 321111 527946 0 356509 552180 332968 360722 560408 405447 425333 690204 616855 184486 329757 677161 418658 363274 465221 195281 297616 720042 618425 620794 686566 591937 268869 259925 233002 846936 570745 546204 367205 193862 687536 406175 74100 300690 220938 682730 541192 362930 166520 693315 855763 529877 588331 410428 460736 569243 260609 752532 327455 168658 214387 335415 275214 203066 210618 447162 643750 284631
261798 388470 642691 217109 415393 295451 228827 171560 65245 86998 129430 531631 474644 722600 22538 568422 466838 352549 460637 167729 605401 535621 401104 243301 734053 160482 285350 317434 579185 241846 542144 116220 391907 462878 187004 500010 172755 382391 484449 677095 211273 356509 0 196190 90164 298844 364345 446394 71323 615402 260767 312649 683697 485606 517837 359662 368596 175320 112734 587645 552111 682546 677373 296602 216973 264536 500612 816829 216142 382943 445837 535639 361744 469313 307990 613679 261563 615958 517113 215483 411704 340401 541230 408809 674524 567109 398362 391879 478703 612888 384242 500248 505830 595417 595112 292841 375566 323017 631074 160875
73715 519632 827806 369956 590054 203821 424533 191510 187090 150313 320696 726717 313946 811326 209918 700260 628208 252975 391658 223922 801505 731472 292674 103438 927519 355592 174070 151232 773115 387369 547199 274598 485281 656438 382477 690807 199221 559327 680639 873070 172530 552180 196190 0 250862 429864 392646 559370 132664 674634 74606 496540 879882 488315 664804 497223 461224 364742 286984 615885 624395 800020 763845 245744 368256 415485 688382 881268 25590 430337 595484 731377 242416 610459 503809 805448 439359 679552 615814 339407 591170 162857 414180 476949 802273 726778 501124 426648 659364 633085 516866 695444 687498 778296 788105 460851 543019 414053 720589 315224
323095 298663 577093 268630 433080 284237 212259 261723 154850 102760 87055 486173 483083 633274 67883 479251 495785 337433 422855 256397 566605 494680 385666 264038 681970 129240 284903 339794 558900 152618 472584 180659 461174 412610 154971 489932 262865 308812 450014 645083 195447 332968 90164 250862 0 208731 294293 505965 120316 530623 301074 246202 647709 418595 431043 270337 281058 189283 37843 510290 465627 592522 588362 266519 269611 312714 438634 729961 274686 305755 359339 493817 355149 381106 271269 558109 188504 530385 427602 126304 423602 367851 527192 325293 585161 484421 309132 318199 408538 537273 436415 455626 511635 527436 542386 324460 402682 236755 541932 219134
503265 91219 450855 434872 526928 364593 294850 470370 363018 285028 217403 429321 567854 429901 276434 273225 604119 397250 413172 463104 518965 449204 435343 400663 589163 236550 384333 466000 558570 61512 357594 370931 638081 353146 241753 520626 471322 191702 428006 608422 298302 360722 298844 429864 208731 0 213844 666025 315860 349973 457814 184237 600647 320200 235601 67585 105470 327151 192752 362026 279301 383852 386835 314082 437068 469489 338205 536570 455406 189414 168785 446054 428441 180609 286951 464180 140232 346143 224872 90733 507784 498310 560799 169391 378135 303947 112973 214559 283889 393885 588429 405363 573812 397218 458317 456030 516827 89954 340110 399026
454721 251011 650382 562784 705805 233475 469842 514966 424592 298999 356968 643144 403618 430939 347872 385514 776512 237877 206138 524125 732805 662967 260392 316436 796996 392685 265597 354821 768796 240746 178518 472869 753634 566972 409086 723552 519150 404269 639881 822232 220400 560408 364345 392646 294293 213844 0 800252 335979 283140 383818 394952 814418 124746 389138 254099 141438 474367 307369 228053 240385 450488 383486 171528 563835 606134 548986 489264 415785 48512 343949 659860 273888 333886 486626 673675 342567 289245 259956 200824 690904 385935 363998 108238 468161 472019 181380 34356 490750 250389 729928 619136 767403 596960 669709 611534 684478 125562 344691 513081
579435 733056 760818 237725 238498 729711 383081 369662 401162 529808 453791 577028 873209 1083180 457958 878055 187694 786773 905261 335456 592157 557811 833532 651315 756566 429507 711422 710509 484438 606330 978426 330891 85319 558688 426099 393449 361665 617156 498569 608067 652979 405447 446394 559370 505965 666025 800252 0 501103 1015440 632766 547416 633120 924503 804287 700684 764383 338959 496075 1011345 945260 1003647 1044426 740705 236516 197278 637632 1199855 561213 809130 741743 562041 788009 778277 442779 683689 546190 1012085 885409 615151 265414 720718 967238 819553 977559 810226 778997 823404 664504 1039914 80589 554141 319206 738002 655511 217884 197996 727641 998427 288120
203459 407074 695848 280566 485618 230613 297943 178990 100149 37212 188442 595044 403730 724004 79528 589084 534716 288007 404781 190456 671283 600650 335984 172074 795073 224733 217243 246124 649171 266176 509372 178283 439632 524114 251839 570995 183226 428944 551284 744972 152112 425333 71323 132664 120316 315860 335979 501103 0 603620 191707 364423 750546 451107 546270 381386 367484 246642 155132 563669 544990 696790 677487 240434 279937 328253 555909 808684 155445 362537 475301 600372 294272 494185 373251 672805 308254 605943 521208 225968 482571 269422 474516 397622 693741 603086 402673 366775 528244 586306 444142 563881 576983 646790 655599 361322 444364 319978 632150 223339
737811 298610 619080 781947 869873 510665 643153 779906 679987 566607 563209 692350 647376 167731 595214 272473 949189 501682 408565 782531 776702 719471 508490 599094 782075 586037 544384 631952 852640 409111 194587 708476 983828 629226 591669 837845 782938 469020 720796 866166 503095 690204 615402 674634 530623 349973 283140 1015440 603620 0 666527 505820 848579 229056 332663 327894 252384 676498 528033 109998 71994 249869 127243 449942 783904 818454 575991 206704 698223 244661 343147 714743 537017 307638 620332 678176 481470 15365 154660 407036 848533 661606 563360 206860 290816 407261 237416 248804 509801 130672 938268 678910 903803 573817 686097 805877 864373 294045 114332 741693
81659 544332 875639 444077 663024 165607 489299 263652 259696 198445 378536 785083 240576 812327 271228 721165 702456 203943 345425 297430 862551 791592 236626 67434 982878 416118 131341 80461 839942 422918 522203 347500 557483 712823 443272 759710 271533 604258 742889 936678 169701 616855 260767 74606 301074 457814 383818 632766 191707 666527 0 546468 942108 464613 693107 525263 472930 433608 338661 597480 622547 813152 764686 219970 442443 489841 739093 871676 72859 426427 626273 791166 185501 637136 564558 859183 486953 673017 624620 369932 663366 88346 347483 478561 819862 760329 515086 418146 705326 611249 591336 754112 759405 824797 843273 534262 616701 427589 723420 388914
567858 207210 331440 344833 367752 500222 167399 462095 360718 348793 184253 256413 707002 542605 293160 330688 448820 544131 585768 440372 344131 272263 587985 504152 440020 165923 510676 578232 374502 159170 540747 324043 540354 179169 148710 338743 459867 76993 244944 431140 417869 184486 312649 496540 246202 184237 394952 547416 364423 505820 546468 0 426783 504437 257512 178877 285299 234458 209560 537393 433992 456293 507776 462173 348045 364258 192625 667369 519834 373565 194703 269859 570112 232133 115530 314558 61868 498536 358000 213908 344743 608147 722714 350347 430795 277157 277223 398385 166257 570138 466851 229105 398631 283002 301421 329558 370806 273862 463673 331832
943201 583700 261611 578171 399882 922125 456211 777331 705737 746600 564585 171459 1127234 810075 671175 588599 447953 968732 1011191 742556 82682 155049 1013596 911464 146853 526012 928905 987373 148736 585645 938965 631177 682626 248455 498849 241779 771716 411262 199297 31905 836445 329757 683697 879882 647709 600647 814418 633120 750546 848579 942108 426783 0 912664 517591 568449 687843 524558 610214 913418 784496 682936 795308 887752 581695 558360 275456 946265 899244 785955 510502 157051 992938 542599 377771 176882 486962 836617 695792 640614 376682 1014789 1149375 749946 636135 454931 664747 812327 341208 946374 574036 197689 315830 288257 163377 494146 451949 689366 764288 608304
542186 331345 726285 687208 828506 300428 592171 628999 543858 414950 481371 742995 418550 395338 470172 419741 900192 280513 179939 641220 832623 765040 281488 398593 880771 516415 335155 417746 878657 357474 59109 596123 876494 668794 531912 839135 633770 501925 747567 923128 318387 677161 485606 488315 418595 320200 124746 924503 451107 229056 464613 504437 912664 0 445554 344230 224853 598959 432101 136438 219050 451147 351441 245177 688206 730774 640617 419804 509099 131178 416916 761468 314400 396724 603070 761411 456800 240607 278305 323157 812842 445086 338338 163743 480541 530361 250977 108199 578212 146713 854569 721320 886948 674265 760900 736093 808444 230901 323924 636949
738370 150459 289651 599349 610867 588816 424632 685503 577989 517837 407907 368859 783967 307538 495465 79594 692691 612717 592794 671355 448823 397592 643973 634673 451380 406514 612327 697235 537107 280105 454167 563541 797428 315861 396830 540450 685069 188225 410564 536721 530727 418658 517837 664804 431043 235601 389138 804287 546270 332663 693107 257512 517591 445554 0 168017 248993 487172 405304 409242 273063 202193 283714 532572 602390 621303 250395 441875 690279 344746 72066 392432 646675 57304 364061 345594 274369 320050 184794 325469 585173 729779 752919 289747 173329 84841 207760 370463 186289 440941 723699 360568 618287 242014 354443 586633 622176 281223 248361 579622
570690 32476 397303 476241 542269 427549 320256 530458 422593 351490 264951 399216 628270 383885 337127 208919 622065 456880 459315 520636 488680 422099 492537 467584 543063 275858 448839 531869 542466 117822 372505 421957 679538 326215 275050 515838 530904 158490 409777 579344 364497 363274 359662 497223 270337 67585 254099 700684 381386 327894 525263 178877 568449 344230 168017 0 119538 365037 249691 360422 255914 324545 343881 374502 478769 506805 297279 499671 522744 219542 102306 418311 489259 113311 292549 420469 156079 321338 185439 157839 520676 564291 612602 181858 314876 237974 100297 246383 237071 393429 621431 378643 577506 343689 418000 485763 539001 130552 297757 445846
531567 110686 510741 529844 632192 347671 399025 537474 433799 331992 311177 518179 536465 356578 347443 254747 708979 366037 347280 536312 607782 540466 395402 408863 660506 335914 374663 462893 657057 159369 256020 456724 731460 444299 343958 623694 539697 277122 525038 698323 303606 465221 368596 461224 281058 105470 141438 764383 367484 252384 472930 285299 687843 224853 248993 119538 0 425854 275984 256582 185006 340329 310301 288490 531746 567156 416644 448923 486492 101476 202760 536823 400817 192980 391742 539037 245449 250724 154948 155564 613219 495364 505252 65050 348136 331018 43780 128415 355491 288417 688073 496819 678814 457597 537265 557876 620963 47709 264710 489350
