NAME : TSP_INST
TYPE : TSP
DIMENSION : 100
EDGE_WEIGHT_TYPE : EXPLICIT
EDGE_WEIGHT_FORMAT : FULL_MATRIX
EDGE_WEIGHT_SECTION
0 643675 614786 481110 246722 507296 422494 304961 495247 246990 687205 377496 538533 209862 409921 72297 487322 582604 382061 295929 445624 153433 501992 552275 194513 635987 464752 340376 357754 293809 316376 578995 301477 372448 436322 263674 260099 169067 426370 434780 596996 97116 416788 443429 85634 473396 605370 488523 258617 446465 350521 585761 599519 208188 132356 457588 227879 519217 613395 77820 774744 320362 566725 232249 302845 336332 396871 345544 480770 434446 381490 584526 233305 612384 204911 324583 634008 263629 481509 699116 371003 598409 622525 336015 499492 294050 157655 187947 191879 576620 491974 473419 170854 244062 428850 478717 260820 611453 292934 315086
643675 0 320998 825546 726484 432042 815736 858674 670027 729576 574617 372944 608700 475334 902759 679420 571803 81795 1021525 771171 424278 492600 843939 801718 775490 496607 1080801 552963 986094 865555 959849 884806 620370 271263 1018823 507401 903720 764689 425634 874096 167404 611427 694238 381374 559376 735945 55428 338695 863394 1019059 521846 217993 335482 851248 641009 289174 812964 743372 296740 706145 303312 950055 836801 814030 343057 465062 957454 338692 668959 538864 502927 358350 683175 160456 614215 335801 412641 904739 573514 454910 827755 71841 127677 619978 650870 918792 774228 797419 557620 680588 173870 267577 476690 658747 578565 194255 452099 171874 353748 906070
614786 320998 0 964075 579244 661219 932691 900910 406834 582653 254010 538130 324128 404995 719105 615794 772796 356738 939588 846284 199371 503291 985278 975251 667477 177737 958249 695594 886751 897145 908211 1044268 442184 346319 872326 374760 853133 775905 214316 975889 457590 540432 842838 585252 550749 896670 272172 127309 754693 865401 672336 105884 22901 808991 546511 166432 699125 919792 582377 691720 623513 856015 1005943 697811 403518 611245 999651 467943 848381 298201 297016 52041 538251 458131 687280 316637 91676 836426 771971 141032 917462 361041 193979 424693 841254 908208 691122 704044 450211 892528 233332 485493 496039 742036 755292 395627 550662 149216 364865 925830
481110 825546 964075 0 723743 428246 67928 277733 966875 723490 1113983 454631 994629 623148 861929 544822 287183 743934 651926 198315 854178 490830 21892 111081 642580 1047669 787314 275977 681063 307120 548405 98126 776450 622575 818452 706742 527873 361597 836221 116169 687338 573226 131457 449017 479587 103770 817795 857931 661872 837461 305195 891599 957325 495619 613244 799786 662392 132914 607414 432994 767250 653082 101958 668232 560569 365155 304681 507421 183215 883015 822392 953954 714211 702226 298444 652120 1016625 572973 282182 1084398 145315 755669 878208 809448 215001 429244 585097 611568 652756 253577 756079 559449 490015 245371 254424 634147 413428 891456 602688 346383
246722 726484 579244 723743 0 717162 662211 509455 303384 3410 555367 568995 377343 259995 187322 179012 722392 687661 376187 531248 380296 328949 744057 798706 115003 529430 379006 577268 315094 489077 376643 821869 141141 481323 297722 221711 332164 377960 364934 665115 734246 173606 663427 641831 286250 720114 676614 459059 185547 294796 581934 594071 558363 310185 125692 464355 132232 765857 786141 292574 928934 289453 812251 128848 436176 554574 582216 513157 725427 306876 284529 534248 43587 747300 450568 395145 561491 296595 717050 614964 602858 702715 662046 168823 742350 431000 168760 161210 172360 818949 553721 636869 344850 490691 667006 609389 466631 635255 394200 490610
507296 432042 661219 428246 717162 0 440293 563074 834816 718883 875762 155848 820166 487906 900854 575340 146412 352678 857056 451929 633435 388217 442731 380108 699041 797500 962539 207901 850894 581956 765653 468074 687414 336350 943391 572587 718793 530880 621212 507411 273386 545958 302302 84425 437598 327461 441590 593821 765368 953758 179923 564938 663236 666679 593175 524174 734199 322768 179170 525558 342884 814151 416273 738215 321854 171581 646364 229487 251256 712610 652375 671441 684918 286281 346763 417941 737887 743180 149831 799830 480516 360355 518471 708617 226828 678771 664630 695126 565198 248563 428055 177581 372592 359249 176032 268542 251539 545859 380447 629949
422494 815736 932691 67928 662211 440293 0 210674 913055 661818 1070946 442800 945001 576634 796416 483785 308739 734901 584611 132632 812336 446677 84590 174413 577981 1007005 719642 263053 613172 239963 481019 162593 721079 596979 750611 657561 459962 295420 793963 68460 686602 516597 139160 448308 428493 140312 803517 822132 594955 769694 294825 865583 924568 427855 554844 766950 596771 182371 617857 370162 782956 585156 169507 602646 530891 350753 246152 487284 213366 834438 774809 919375 654584 702061 252395 617500 980595 505058 302879 1048492 78196 747546 859100 754668 247033 362286 519928 545878 599916 299331 733091 553769 447885 197080 264413 622077 385161 869134 568446 280480
304961 858674 900910 277733 509455 563074 210674 0 792331 508237 991855 506070 842007 504421 615093 344135 463224 783724 374228 113780 745839 398924 291116 384535 408191 938696 510256 355862 406048 29440 270794 364802 599138 602594 548036 567867 254238 137222 726584 177684 761361 400373 306927 540343 351539 336083 833389 778424 405337 568376 386145 854868 888146 230561 425745 736618 418525 383913 725120 230915 896535 380396 379691 424510 528476 420574 100246 520912 392337 739312 686246 876519 513138 777615 245558 589725 930490 301799 456551 997003 132523 798434 871485 634294 424422 151613 348125 368698 496810 490731 738538 623300 408475 209746 404691 668405 407250 870659 546096 73055
495247 670027 406834 966875 303384 834816 913055 792331 0 305919 276756 679640 95783 360836 358416 448219 888777 665681 668957 790416 245828 491018 988458 1021819 418354 281110 638459 759861 602447 775772 679493 1062884 193947 515054 535014 271243 635520 655585 246276 929787 745914 398460 879757 750674 487937 938993 614599 333000 481930 521033 752402 472499 384067 611278 366970 382825 432794 978478 839518 562704 941385 582933 1042438 428552 513096 705646 874175 605499 923004 133343 185368 354802 284751 754017 670766 422130 347504 599346 884983 377903 865941 677165 563844 159233 931057 731243 469497 464510 314256 1001914 508823 698482 498550 721803 845286 634667 615979 523309 454718 784155
246990 729576 582653 723490 3410 718883 661818 508237 305919 0 558429 570935 380242 262724 185019 178878 723483 690591 373024 530738 383703 330687 743767 798820 112568 532671 375597 578243 311819 487724 373948 821616 144472 484076 294388 224963 329691 377035 368343 664375 736931 174906 663750 643715 287464 720351 679753 462459 182394 291531 583089 597430 561772 308103 126987 467678 129231 766181 788463 292040 931518 286278 812222 125788 438649 556035 580603 515361 726035 310138 287923 537652 46829 750012 451037 398077 564855 293877 718123 618280 602194 705657 665327 172021 743091 428956 166821 158796 175161 819733 556856 639227 346661 490882 667964 612065 468239 638581 396892 488955
687205 574617 254010 1113983 555367 875762 1070946 991855 276756 558429 0 735113 183766 495890 635063 660916 968046 604428 930902 963761 260196 624314 1135841 1145668 665869 80328 912020 865927 867325 980874 927527 1203305 419598 540994 810486 424064 878276 856212 277829 1101914 702864 594158 1005647 794095 649282 1063385 524436 281978 740578 797185 848837 357253 239317 845271 579092 351809 687545 1094387 822259 763391 876148 844109 1172446 684214 576017 791432 1083610 659016 1028216 257175 305726 218862 525384 705190 818575 474903 162469 848554 965980 141764 1039255 610407 447962 387723 1027418 959956 708052 710219 496107 1087993 463402 708240 624062 873890 939115 623556 714146 403114 522634 998805
377496 372944 538130 454631 568995 155848 442800 506070 679640 570935 735113 0 668076 332650 754823 440246 235345 292185 748033 407602 485457 242066 473786 443943 561986 658810 841533 180123 732582 518346 665129 520954 532256 195468 811438 416768 613582 439460 472003 501869 255481 401407 324231 73780 299327 370798 363170 455283 635052 819764 149544 451597 536569 559765 447368 387437 598612 386640 237785 411431 405061 695233 476995 602092 167709 92379 600766 76868 313236 559087 498206 540580 534716 271705 263102 266822 606870 630496 234163 671771 458100 305088 426099 552950 303585 595267 534292 563915 411816 355586 312201 117375 225096 297563 219536 179764 118148 443653 226347 563393
538533 608700 324128 994629 377343 820166 945001 842007 95783 380242 183766 668076 0 373402 452140 501310 888926 614255 750618 828201 195369 506996 1016458 1040425 490433 185943 728328 769056 685893 827969 753036 1088438 248719 488666 626786 287887 706006 704835 202923 967953 701528 441914 898153 735804 516521 957250 553648 270790 561112 613700 757677 400851 301921 676946 418453 330696 509350 993626 804780 611113 892475 663963 1063647 505656 500536 706092 928904 591738 933495 112987 175424 272781 351287 707941 696209 402226 256810 673291 885753 282923 904240 624297 494753 214424 938158 794753 536761 535822 348174 1005625 458156 670787 511308 749679 850604 598594 619837 452050 442148 840956
209862 475334 404995 623148 259995 487906 576634 504421 360836 262724 495890 332650 373402 0 445632 217411 528796 430117 557053 468044 242140 133596 645031 667132 300517 436685 606064 399395 515045 497463 511094 715821 199607 221381 544556 89595 454890 373966 222990 606026 474325 142904 524817 406240 154523 583959 429034 278674 389072 546061 391594 381802 389665 407671 166067 250697 337772 621081 532157 287133 669711 480156 690261 338737 180437 346318 600783 265987 563148 260775 199406 375065 219051 487312 325105 139551 426493 445112 524814 492677 543406 445460 429977 221386 570367 503292 305197 325464 87929 641104 307597 382613 138659 379750 484450 349514 255774 412599 134313 522999
409921 902759 719105 861929 187322 900854 796416 615093 358416 185019 635063 754823 452140 445632 0 337630 896385 869045 354882 663900 522448 513443 880690 947939 221435 631179 288456 749685 284793 589544 405043 958939 285990 666220 180154 395644 382536 501160 510808 786408 919732 354896 819866 827177 465004 873647 851035 609808 212054 163747 757687 751723 696783 387243 307850 628163 199655 921479 973463 433435 1115303 280822 956906 193772 623260 735265 666473 700322 888795 423661 424935 669733 226607 932459 613251 577336 682794 334017 890708 725356 728328 883777 827907 296051 908801 499160 276970 250566 357705 986043 728934 824178 529929 645723 838595 795037 649437 796805 579915 576480
72297 679420 615794 544822 179012 575340 483785 344135 448219 178878 660916 440246 501310 217411 337630 0 559441 623898 342753 353707 433666 204209 565222 620437 123853 616506 409457 412533 308016 327870 294015 642943 255454 410759 371208 246785 238106 207723 414830 489715 647407 75545 486848 508521 141038 542706 637317 488486 195968 379743 422068 599087 598606 193357 82862 467403 159011 589189 673256 116512 830821 271363 633408 162903 346565 405350 427774 401080 552422 404208 357672 580652 172248 662305 276485 348884 624508 228311 553660 687151 426686 639689 645563 290648 571555 300367 97308 124983 169661 648727 519133 529680 222280 313121 501122 525843 325941 629750 325691 339737
487322 571803 772796 287183 722392 146412 308739 463224 888777 723483 968046 235345 888926 528796 896385 559441 0 490845 795154 349466 714272 406150 299952 233789 681218 892724 913287 146970 800489 486391 696834 321704 721233 430595 910619 618122 656601 463415 699519 377158 418006 549177 170149 193946 436437 184187 575720 689781 734255 924172 141036 683372 771721 608404 596920 622484 712651 176357 323704 483443 480179 765477 269904 717469 393264 183334 534842 309635 105860 777167 714859 775923 696886 431478 292365 494824 842195 688812 6728 907094 360944 499994 647923 747558 80507 596143 637043 667725 592509 120312 543893 307224 394919 282032 62250 394632 273024 670749 449600 534621
582604 81795 356738 743934 687661 352678 734901 783724 665681 690591 604428 292185 614255 430117 869045 623898 490845 0 963542 693534 421882 429603 762254 720146 726607 524510 1030219 471945 931872 791782 897179 803047 592843 213412 974252 474525 841554 694716 419517 793886 101859 559531 612584 299730 497258 654150 93629 344890 812904 976150 440631 250905 367068 788384 593001 284254 764518 661801 230991 641109 278359 895258 755161 766073 279758 384494 881810 262816 587358 532470 488943 385577 645111 101393 538453 292515 446163 845698 492418 496408 748547 15818 177467 596952 569617 850106 720255 745024 515938 600928 156983 185813 412819 581335 496800 115632 376476 214955 300620 833394
382061 1021525 939588 651926 376187 857056 584611 374228 668957 373024 930902 748033 750618 557053 354882 342753 795154 963542 0 469362 745212 535430 665213 757522 273004 905166 139026 659039 70190 344817 103655 737671 515960 751510 210036 565268 138957 331812 728000 548285 978443 414514 663121 806610 467677 702211 980023 813957 190649 233932 680964 935383 920285 190389 396222 802675 245145 751426 985799 336605 1151575 86799 753881 247823 684077 688371 379545 725427 746612 682461 654267 898708 410304 993965 511763 691452 932454 118633 788511 988724 506630 979360 986945 544981 775578 223178 252173 235796 491977 848382 861736 851720 552913 513135 732952 860777 630023 969038 667864 308694
295929 771171 846284 198315 531248 451929 132632 113780 790416 530738 963761 407602 828201 468044 663900 353707 349466 693534 469362 0 708869 345726 216792 293229 445370 904027 600176 246470 490770 137586 366289 295045 597049 527298 623532 543351 337830 163287 689966 139790 662602 392057 196571 434752 314688 232874 750631 729074 463858 641823 277854 789676 835803 300773 427595 679949 464282 282189 617842 238703 788756 460624 296253 470143 455448 318264 195900 432781 281794 719796 662148 827450 525501 678745 161855 529966 885622 380186 342789 953240 76046 707644 796132 631300 313047 254057 387310 413414 480394 382030 665022 524750 350911 112481 290991 577950 320532 800011 482889 185482
445624 424278 199371 854178 380296 633435 812336 745839 245828 383703 260196 485457 195369 242140 522448 433666 714272 421882 745212 708869 0 365859 876017 885832 472258 195211 759245 606781 690214 737747 720636 943137 242847 298020 673011 186915 666914 613400 19276 845654 506730 360367 745538 549669 396627 803403 368857 90997 558125 666319 590805 235185 178141 626207 358243 137735 502495 835053 609628 523387 699316 660522 912355 500867 321036 534726 841132 408595 769878 115381 98001 154198 339874 513573 560007 219553 190910 646158 711776 254019 783698 432761 321991 226652 770442 732672 500579 510906 264133 833401 264975 477796 364656 615518 682086 403508 454949 284202 265256 760707
153433 492600 503291 490830 328949 388217 446677 398924 491018 330687 624314 242066 506996 133596 513443 204209 406150 429603 535430 345726 365859 0 512722 533642 322264 560852 613006 269870 508766 397536 467806 582680 315460 221708 573593 221234 412013 282011 347370 480529 444736 159344 391302 313816 67812 450480 456755 383719 400061 580558 265914 456815 491630 359043 205629 338029 359610 488194 470289 213913 626612 471535 556668 362692 150066 228907 498570 196969 432085 394346 332769 482173 297377 459931 194282 191044 539897 417055 401581 607523 419366 445391 481456 343020 441289 430235 301137 329184 186382 514046 348645 325549 18071 249705 357376 325397 138681 475753 149891 430802
501992 843939 985278 21892 744057 442731 84590 291116 988458 743767 1135841 473786 1016458 645031 880690 565222 299952 762254 665213 216792 876017 512722 0 106727 661802 1069458 801311 295825 695930 320556 561885 78307 797863 643335 834509 728571 542965 379873 858072 122662 704143 594445 149771 466244 501294 115772 836932 879489 679545 853774 324560 912284 978646 511994 634206 821145 681074 137919 621831 452844 780073 668538 90805 686936 581760 384889 311718 527649 194756 904871 844267 975415 734967 718896 320291 673647 1038177 588635 295234 1105934 159570 773818 898030 830927 225359 442164 604026 630202 674382 257986 776466 577385 511889 267100 270390 653082 434616 911701 624207 358245
552275 801718 975251 111081 798706 380108 174413 384535 1021819 798820 1145668 443943 1040425 667132 947939 620437 233789 720146 757522 293229 885832 533642 106727 0 726743 1075244 891235 281225 783122 413640 653867 90276 836371 629038 916687 754557 629841 453748 868875 227041 651305 638442 142355 420439 535607 83176 801409 878278 754364 934781 302922 894108 971039 594001 681786 815548 749755 58346 555659 514737 704760 753618 36318 755439 575729 364066 415761 508201 132818 927581 865576 971008 784503 664999 353573 673643 1035756 673194 230834 1102740 252434 730201 869056 867755 153294 536023 671493 699498 708769 161636 755324 534583 529212 308297 225250 617629 432052 887596 624669 454874
194513 775490 667477 642580 115003 699041 577981 408191 418354 112568 665869 561986 490433 300517 221435 123853 681218 726607 273004 445370 472258 322264 661802 726743 0 635023 305553 534260 219973 385464 262605 740109 246700 513772 251878 294542 217168 284483 455155 572741 758915 168637 598565 631252 262944 652212 729548 542677 89350 258295 545025 668653 647866 197078 134505 536109 38072 700076 792534 212062 946668 188543 736339 40510 455900 529201 474021 518598 668524 412756 381586 625919 140533 773267 393866 439794 659619 182943 675313 716620 512626 742222 726881 278188 689439 317983 60071 46234 224832 766726 607865 646819 340133 424521 622035 635309 449032 705268 426021 382084
635987 496607 177737 1047669 529430 797500 1007005 938696 281110 532671 80328 658810 185943 436685 631179 616506 892724 524510 905166 904027 195211 560852 1069458 1075244 635023 0 898104 794584 844393 929472 893364 1135329 389236 463923 800910 372743 842011 804782 214061 1040856 622668 546296 936304 716374 591180 993461 445649 203950 714632 789668 776304 278726 161236 805533 536686 273334 660094 1023025 741941 713285 797205 818612 1102866 657343 502370 718003 1032727 583199 955699 222705 259099 139193 495238 625130 754817 402147 88506 815817 890854 97008 978904 530726 370793 360821 953768 916866 672295 677673 448064 1012890 383137 628821 559127 810380 865627 543616 643198 325818 450722 950292
464752 1080801 958249 787314 379006 962539 719642 510256 638459 375597 912020 841533 728328 606064 288456 409457 913287 1030219 139026 600176 759245 613006 801311 891235 305553 898104 0 772370 112807 480825 240033 874729 517950 816872 109867 593670 262566 452474 743936 685811 1056863 470697 790524 905140 547383 832626 1035097 837323 217493 130881 791412 969244 937349 305860 440016 837564 268611 882115 1078091 437074 1238907 148621 889144 268153 755417 791398 518544 809074 872420 678967 662909 913041 420391 1071740 623619 745251 937790 224789 906761 987992 642078 1045920 1031122 540792 900034 360521 312154 285626 528648 974457 913375 937470 631047 632508 851113 934986 723886 1007902 729769 446665
340376 552963 695594 275977 577268 207901 263053 355862 759861 578243 865927 180123 769056 399395 749685 412533 146970 471945 659039 246470 606781 269870 295825 281225 534260 794584 772370 0 659656 374159 563978 349163 584585 350349 765453 488821 520086 328447 590311 323869 425869 404767 148174 190650 292454 201149 542603 597054 588461 778502 32570 618232 690676 469840 452222 534611 565847 228496 371594 338681 542313 623944 310653 570628 294555 89218 442227 232246 164454 656150 593640 690038 553310 441627 148764 392634 754613 549028 141133 821697 285059 484509 602245 612799 171427 472191 490586 521315 455059 244881 481284 291182 261332 151856 89791 359823 151838 616128 343862 422085
357754 986094 886751 681063 315094 850894 613172 406048 602447 311819 867325 732582 685893 515045 284793 308016 800489 931872 70190 490770 690214 508766 695930 783122 219973 844393 112807 659656 0 376831 142927 770701 456042 718623 149682 514510 153329 340254 673573 583286 953499 374873 679211 794933 441993 722475 942428 762454 132111 172776 678940 888257 866848 193586 350363 755593 187738 772033 969823 325354 1132428 37412 782532 189390 654299 680049 425952 703250 760569 621950 597149 844290 351783 968658 510923 652416 875250 112362 793966 929858 536362 947656 944301 483583 787868 260576 211908 189582 443995 862598 822216 831162 526677 519852 738322 833128 614597 924056 632842 346939
293809 865555 897145 307120 489077 581956 239963 29440 775772 487724 980874 518346 827969 497463 589544 327870 486391 791782 344817 137586 737747 397536 320556 413640 385464 929472 480825 374159 376831 0 241361 394156 583321 606090 519339 557471 225369 124752 718471 206602 772979 387512 332987 555779 346493 363924 838612 773523 378985 539838 403646 854322 883766 203594 410250 733916 394177 412059 741098 217686 912612 351517 409078 400150 531670 434946 103389 529157 418416 726915 675153 871258 494671 789250 255791 588570 923955 273280 479691 990031 161861 806690 874106 618515 450137 122389 325515 344866 484941 517542 740925 635170 408180 225035 427020 676881 415823 871765 546208 48368
316376 959849 908211 548405 376643 765653 481019 270794 679493 373948 927527 665129 753036 511094 405043 294015 696834 897179 103655 366289 720636 467806 561885 653867 262605 893364 240033 563978 142927 241361 0 634817 507929 688586 292171 534984 56555 235548 702387 445781 903857 369446 560898 719874 400550 599023 921702 781047 203868 314825 587521 892896 890354 108796 362661 761401 247265 648150 901988 257634 1070143 128394 650349 251897 617872 599622 283119 649647 644872 672552 636052 871113 402441 919706 418927 638198 911033 80151 690150 971044 403092 912940 936364 540281 674337 120498 221193 217440 458383 746416 807238 773153 484383 415435 634813 790117 548240 922498 609013 206796
578995 884806 1044268 98126 821869 468074 162593 364802 1062884 821616 1203305 520954 1088438 715821 958939 642943 321704 803047 737671 295045 943137 582680 78307 90276 740109 1135329 874729 349163 770701 394156 634817 0 873231 699505 910699 800715 618193 458011 925522 189770 737508 670584 201431 503655 575066 150156 881994 942244 757286 930243 374777 967165 1038746 588709 711020 881875 759309 145461 644760 530989 794977 744099 54691 765176 641583 436246 374369 580739 217671 976346 915227 1036945 812181 751522 392744 736427 1100657 664510 318283 1168164 235299 813650 947052 905976 241620 514528 682316 708427 748632 250371 829538 617234 580648 341115 306249 697756 495148 963456 687018 429304
301477 620370 442184 776450 141141 687414 721079 599138 193947 144472 419598 532256 248719 199607 285990 255454 721233 592843 515960 597049 242847 315460 797863 836371 246700 389236 517950 584585 456042 583321 507929 873231 0 402395 430165 122114 459079 462146 228963 736206 653780 205011 695269 605839 300792 754224 567583 326400 325529 423725 581347 466554 420732 428414 173405 342205 270860 795763 725035 368995 851995 429482 855238 268152 376212 541189 682882 464704 744579 166547 145358 395641 106259 665058 483179 307967 420606 429044 716793 473856 672392 606921 541947 35195 755713 546041 289076 290658 129557 829248 446696 576523 326335 532377 672725 531582 449916 510994 323211 593858
372448 271263 346319 622575 481323 336350 596979 602594 515054 484076 540994 195468 488666 221381 666220 410759 430595 213412 751510 527298 298020 221708 643335 629038 513772 463923 816872 350349 718623 606090 688586 699505 402395 0 762689 280338 632462 498501 286910 646450 253674 346235 498281 253500 288154 551028 235508 260099 599637 765443 326198 269106 343036 580001 380803 191969 551760 573474 326480 435580 450728 682101 660036 553471 74523 264977 702703 122031 502221 385989 329687 345636 439961 266239 365570 95572 411744 634187 429180 477184 592470 229156 269386 413673 496078 650409 506908 531614 309017 550899 137771 183528 206301 416571 409404 129609 211960 273390 88136 643772
436322 1018823 872326 818452 297722 943391 750611 548036 535014 294388 810486 811438 626786 544556 180154 371208 910619 974252 210036 623532 673011 573593 834509 916687 251878 800910 109867 765453 149682 519339 292171 910699 430165 762689 0 518831 294063 464749 658913 725704 1010146 420073 804004 879175 512224 851256 970550 755113 178111 23987 780593 891646 850781 322995 381979 762055 214121 900734 1043803 427176 1198541 168243 918868 211379 707118 772059 574561 770269 882027 585331 575351 825301 341051 1024328 618269 683764 845568 246363 904338 892807 675423 989705 959309 449293 907055 407419 278772 248377 461281 983398 847762 898601 591548 636594 849316 886127 696419 932964 674581 493052
263674 507401 374760 706742 221711 572587 657561 567867 271243 224963 424064 416768 287887 89595 395644 246785 618122 474525 565268 543351 186915 221234 728571 754557 294542 372743 593670 488821 514510 557471 534984 800715 122114 280338 518831 0 480722 432720 168173 682720 532299 174163 612207 489724 229484 671439 456359 248690 383124 516489 481184 375600 356083 439344 172358 244065 328098 709423 603249 340661 730337 482608 776848 327464 256227 435355 660535 346474 652358 176930 119102 336168 178134 543843 408330 186314 377810 461941 614203 440438 619319 488996 440490 137034 659894 546286 316464 329519 77225 730696 333769 455104 227699 461846 574045 409652 345122 414807 201751 577551
260099 903720 853133 527873 332164 718793 459962 254238 635520 329691 878276 613582 706006 454890 382536 238106 656601 841554 138957 337830 666914 412013 542965 629841 217168 842011 262566 520086 153329 225369 56555 618193 459079 632462 294063 480722 0 193194 648513 431906 849795 313626 528281 670153 344586 570083 865323 725889 172516 314864 542169 836676 835497 54021 308673 705342 207562 619587 850989 203666 1018264 126160 629258 212791 562058 550936 286630 595700 610769 622279 583874 816633 354722 865573 372985 581644 857583 49758 649975 918255 383414 857329 879814 492184 639023 117659 170242 171022 403839 712756 750701 720125 428742 374582 594369 735132 496109 866050 552570 200459
169067 764689 775905 361597 377960 530880 295420 137222 655585 377035 856212 439460 704835 373966 501160 207723 463415 694716 331812 163287 613400 282011 379873 453748 284483 804782 452474 328447 340254 124752 235548 458011 462146 498501 464749 432720 193194 0 594125 288618 687570 263428 340106 488952 225682 386515 733585 651287 300962 481987 352147 737483 761904 146673 288745 614231 301513 435985 673247 93722 843345 307103 458938 307414 424166 367405 227947 435835 420461 602687 550486 748597 378409 703742 184301 471719 800320 227892 456786 866114 228148 710096 763016 497275 447618 156624 225422 250596 360438 522458 629918 552397 294656 181389 401190 582114 326596 757721 431899 150060
426370 425634 214316 836221 364934 621212 793963 726584 246276 368343 277829 472003 202923 222990 510808 414830 699519 419517 728000 689966 19276 347370 858072 868875 455155 214061 743936 590311 673573 718471 702387 925522 228963 286910 658913 168173 648513 594125 0 826904 501975 341361 728322 537206 377497 786330 370325 99372 541462 652688 574837 243217 193643 607516 339853 136901 485836 818419 602171 504139 695981 643562 895149 484323 306548 519280 821856 395149 753709 113521 85976 170781 324008 509358 541594 205403 209678 628204 696913 273149 764867 430900 327383 214759 754753 713644 482593 493354 245397 818362 262588 468126 346467 597069 666424 395980 438532 291120 250033 741455
434780 874096 975889 116169 665115 507411 68460 177684 929787 664375 1101914 501869 967953 606026 786408 489715 377158 793886 548285 139790 845654 480529 122662 227041 572741 1040856 685811 323869 583286 206602 445781 189770 736206 646450 725704 682720 431906 288618 826904 0 749394 531330 207364 512000 453609 206399 859459 861697 579406 745961 356200 913426 966571 406566 565706 809530 587548 245001 684259 373429 850257 558065 213412 593516 577736 409490 189130 541330 281313 859330 801346 959715 661955 765031 288985 659366 1019332 479415 371271 1087146 63868 806943 911888 770600 314898 325322 513215 536826 620184 364229 783697 615001 484007 233882 331876 679925 434836 919697 611054 239683
596996 167404 457590 687338 734246 273386 686602 761361 745914 736931 702864 255481 701528 474325 919732 647407 418006 101859 978443 662602 506730 444736 704143 651305 758915 622668 1056863 425869 953499 772979 903857 737508 653780 253674 1010146 532299 849795 687570 501975 749394 0 590292 556425 238754 511816 591808 194265 436118 841684 1014316 393376 351965 467071 795852 628873 371236 796964 593290 130375 646294 198414 916270 687152 799219 303047 344716 856234 254219 519867 612768 564174 484369 693294 16272 517224 345986 546196 859811 420590 597727 709971 101589 278727 662310 498362 844190 744713 771678 562203 520660 244932 138113 426851 553035 434100 124887 361082 316811 340049 817339
97116 611427 540432 573226 173606 545958 516597 400373 398460 174906 594158 401407 441914 142904 354896 75545 549177 559531 414514 392057 360367 159344 594445 638442 168637 546296 470697 404767 374873 387512 369446 670584 205011 346235 420073 174163 313626 263428 341361 531330 590292 0 499515 473005 112763 557620 567582 413126 253403 425202 408514 524037 523412 268562 47919 392114 206699 601476 627102 169860 778799 339224 655205 208933 287265 381395 489749 352506 556571 339404 288867 505834 148975 604631 285438 277735 550894 302240 543916 614292 467490 575226 572464 239273 571816 372312 163434 186023 98343 647873 447851 479988 176451 331217 494558 466698 294579 555497 259106 404769
416788 694238 842838 131457 663427 302302 139160 306927 879757 663750 1005647 324231 898153 524817 819866 486848 170149 612584 663121 196571 745538 391302 149771 142355 598565 936304 790524 148174 679211 332987 560898 201431 695269 498281 804004 612207 528281 340106 728322 207364 556425 499515 0 317851 394529 59260 687292 741569 634797 820451 175454 766396 837373 486011 543950 680633 624388 102431 480798 387419 644427 646892 166826 629861 440300 236421 368933 380350 85436 785344 723407 835822 646932 571443 214099 535987 899788 567087 164127 967187 193085 624252 749254 726289 117702 450575 546010 575252 567164 185672 629384 427992 387053 174225 126333 503354 294275 764012 486680 379905
443429 381374 585252 449017 641831 84425 448308 540343 750674 643715 794095 73780 735804 406240 827177 508521 193946 299730 806610 434752 549669 313816 466244 420439 631252 716374 905140 190650 794933 555779 719874 503655 605839 253500 879175 489724 670153 488952 537206 512000 238754 473005 317851 0 368325 355564 382282 512451 701937 888247 158199 492275 585969 616854 519433 443174 667403 362100 185597 470870 357029 757750 455435 671084 237602 122041 630543 145196 287636 628188 568003 592715 608019 253986 306363 333580 659241 690286 194707 722350 475627 310036 454002 626177 270831 642248 600975 631004 485579 310250 353480 114220 297256 330896 197658 200716 182758 477511 296137 602522
85634 559376 550749 479587 286250 437598 428493 351539 487937 287464 649282 299327 516521 154523 465004 141038 436437 497258 467677 314688 396627 67812 501294 535607 262944 591180 547383 292454 441993 346493 400550 575066 300792 288154 512224 229484 344586 225682 377497 453609 511816 112763 394529 368325 0 453441 522331 427132 336620 520445 295752 512666 537275 291883 160596 388549 299327 495371 532470 149322 691535 404680 554967 302884 217558 270277 449313 261697 446882 406392 347780 525069 260865 527123 182917 247703 579136 349264 431200 645893 390456 513054 543356 332261 460754 367955 236509 265457 173746 536321 411435 390107 85248 234224 382209 393105 186477 534996 211661 375736
473396 735945 896670 103770 720114 327461 140312 336083 938993 720351 1063385 370798 957250 583959 873647 542706 184187 654150 702211 232874 803403 450480 115772 83176 652212 993461 832626 201149 722475 363924 599023 150156 754224 551028 851256 671439 570083 386515 786330 206399 591808 557620 59260 355564 453441 0 732133 797529 684774 868425 225275 817877 891825 530523 601631 735650 676855 49580 506413 440336 664341 691309 109650 682426 495426 286789 384973 431379 79459 844408 782415 891035 704543 606261 272240 592369 955413 611029 179466 1022619 210408 665081 796897 785364 111442 484784 598423 627169 626274 159200 679870 468447 446049 229593 157990 547869 350544 813488 543218 408776
605370 55428 272172 817795 676614 441590 803517 833389 614599 679753 524436 363170 553648 429034 851035 637317 575720 93629 980023 750631 368857 456755 836932 801409 729548 445649 1035097 542603 942428 838612 921702 881994 567583 235508 970550 456359 865323 733585 370325 859459 194265 567582 687292 382282 522331 732133 0 283410 818015 970144 512634 167205 285157 813513 595091 234037 766724 743212 324239 670642 351719 906778 835776 767562 309490 453566 932964 318789 668732 483496 448129 306731 633158 191440 591148 290155 363358 864155 576798 409218 810444 92924 84600 566281 653094 885914 730907 753174 509353 688598 122913 268497 441694 638247 576500 184265 430108 125098 312933 877610
488523 338695 127309 857931 459059 593821 822132 778424 333000 462459 281978 455283 270790 278674 609808 488486 689781 344890 813957 729074 90997 383719 879489 878278 542677 203950 837323 597054 762454 773523 781047 942244 326400 260099 755113 248690 725889 651287 99372 861697 436118 413126 741569 512451 427132 797529 283410 0 630626 749661 576955 144288 110999 681686 419754 69968 575227 824747 547826 565772 623211 731048 907177 574189 302702 517533 876442 380151 755904 205593 185291 98462 416993 441159 572786 205918 158700 709660 688085 226526 801789 354285 231640 313849 752508 781479 564557 578206 323381 810057 191196 427144 378250 628178 664711 344759 447294 193232 255373 800927
258617 863394 754693 661872 185547 765368 594955 405337 481930 182394 740578 635052 561112 389072 212054 195968 734255 812904 190649 463858 558125 400061 679545 754364 89350 714632 217493 588461 132111 378985 203868 757286 325529 599637 178111 383124 172516 300962 541462 579406 841684 253403 634797 701937 336620 684774 818015 630626 0 190057 602910 757785 734750 175710 223050 625311 55630 733841 869078 251523 1026616 103981 759873 57545 539310 593983 454455 597002 710261 491942 465390 712184 220349 856340 442255 527997 743600 126320 728051 798887 523586 828587 816188 354333 733996 287708 100971 71178 314168 810850 696626 725597 418123 464061 673346 718987 519217 794598 512368 364465
446465 1019059 865401 837461 294796 953758 769694 568376 521033 291531 797185 819764 613700 546061 163747 379743 924172 976150 233932 641823 666319 580558 853774 934781 258295 789668 130881 778502 172776 539838 314825 930243 423725 765443 23987 516489 314864 481987 652688 745961 1014316 425202 820451 888247 520445 868425 970144 749661 190057 0 792883 887477 843656 341843 385472 758769 221195 917834 1050818 440993 1203995 189645 937564 217903 711501 782711 596749 776748 897729 575979 568423 817790 338358 1028309 631998 684779 836336 266580 917944 882326 694945 991516 956824 441278 922292 429143 289557 258870 461532 998854 847252 904802 598420 651894 863124 889969 705594 929568 677310 514472
350521 521846 672336 305195 581934 179923 294825 386145 752402 583089 848837 149544 757677 391594 757687 422068 141036 440631 680964 277854 590805 265914 324560 302922 545025 776304 791412 32570 678940 403646 587521 374777 581347 326198 780593 481184 542169 352147 574837 356200 393376 408514 175454 158199 295752 225275 512634 576955 602910 792883 0 592604 668182 491025 456335 513149 577732 248050 339988 355481 510996 642805 333898 582317 274355 61515 473736 206104 179421 645063 582523 668580 555937 409114 169201 374221 733672 569242 136105 800388 317605 453014 573800 608380 180573 498855 503835 534617 452258 249513 454761 259039 255494 179627 93072 329269 137841 588891 326209 451322
585761 217993 105884 891599 594071 564938 865583 854868 472499 597430 357253 451597 400851 381802 751723 599087 683372 250905 935383 789676 235185 456815 912284 894108 668653 278726 969244 618232 888257 854322 892896 967165 466554 269106 891646 375600 836676 737483 243217 913426 351965 524037 766396 492275 512666 817877 167205 144288 757785 887477 592604 0 117953 788944 539259 132751 703186 837456 477661 659860 518923 855161 926126 702766 335698 531089 954868 386501 764603 348818 328716 140412 551046 352293 628183 265910 196343 825963 683074 245822 857694 255177 94735 456446 754907 879011 683411 700423 444314 801963 139569 387703 446434 681251 670943 296855 480438 51204 308893 887100
599519 335482 22901 957325 558363 663236 924568 888146 384067 561772 239317 536569 301921 389665 696783 598606 771721 367068 920285 835803 178141 491630 978646 971039 647866 161236 937349 690676 866848 883766 890354 1038746 420732 343036 850781 356083 835497 761904 193643 966571 467071 523412 837373 585969 537275 891825 285157 110999 734750 843656 668182 117953 0 791928 528195 157677 679148 916029 590217 676738 636876 836401 1001282 677739 397253 607383 986520 465028 845187 275470 275434 29298 517639 468337 677679 307329 79132 818001 770699 136597 907589 372209 209615 402720 838951 892427 672548 684939 432049 891733 236753 488677 485051 732698 752439 399660 544208 164630 356149 911658
208188 851248 808991 495619 310185 666679 427855 230561 611278 308103 845271 559765 676946 407671 387243 193357 608404 788384 190389 300773 626207 359043 511994 594001 197078 805533 305860 469840 193586 203594 108796 588709 428414 580001 322995 439344 54021 146673 607516 406566 795852 268562 486011 616854 291883 530523 813513 681686 175710 341843 491025 788944 791928 0 269139 658365 197031 580101 797265 149655 964349 160931 595878 202834 509106 498107 281017 541728 567021 588273 546539 773987 327109 811643 321887 531511 817117 81229 601828 879016 353511 804144 829755 462524 594291 120940 141854 151909 362124 669042 699874 666107 375590 326919 546162 681492 442198 817085 501102 189838
132356 641009 546511 613244 125692 593175 554844 425745 366970 126987 579092 447368 418453 166067 307850 82862 596920 593001 396222 427595 358243 205629 634206 681786 134505 536686 440016 452222 350363 410250 362661 711020 173405 380803 381979 172358 308673 288745 339853 565706 628873 47919 543950 519433 160596 601631 595091 419754 223050 385472 456335 539259 528195 269139 0 406519 171992 646165 670523 195739 819617 316344 697504 173243 326259 429203 510550 395994 602762 322073 277592 508526 103002 642838 329950 305290 548964 289924 591628 610146 502121 608553 593997 208550 618597 381013 144948 161335 96385 694860 473577 522498 222289 373727 542008 504500 341994 573920 292756 422586
457588 289174 166432 799786 464355 524174 766950 736618 382825 467678 351809 387437 330696 250697 628163 467403 622484 284254 802675 679949 137735 338029 821145 815548 536109 273334 837564 534611 755593 733916 761401 881875 342205 191969 762055 244065 705342 614231 136901 809530 371236 392114 680633 443174 388549 735650 234037 69968 625311 758769 513149 132751 157677 658365 406519 0 570875 761198 479697 533110 562052 722424 845238 570563 240340 452952 835869 313193 691344 250415 214607 155462 421013 377312 520856 150209 220699 693664 620983 287242 751030 295029 199744 336589 686765 751588 550767 567672 311611 742796 127556 357218 330119 575659 599389 275558 386937 170915 198644 764283
227879 812964 699125 662392 132232 734199 596771 418525 432794 129231 687545 598612 509350 337772 199655 159011 712651 764518 245145 464282 502495 359610 681074 749755 38072 660094 268611 565847 187738 394177 247265 759309 270860 551760 214121 328098 207562 301513 485836 587548 796964 206699 624388 667403 299327 676855 766724 575227 55630 221195 577732 703186 679148 197031 171992 570875 0 725219 829893 236982 984513 158916 757886 5988 493958 563816 477749 556170 696336 437396 409904 656554 165194 811327 423252 477194 688143 167233 706648 743738 528916 780121 762889 300423 718208 316092 78435 50919 260416 795446 644830 684481 377532 451018 652865 673379 484915 740563 463963 386138
