NAME : TSP_INST
TYPE : TSP
DIMENSION : 100
EDGE_WEIGHT_TYPE : EXPLICIT
EDGE_WEIGHT_FORMAT : FULL_MATRIX
EDGE_WEIGHT_SECTION
0 228667 888628 1152267 179743 982479 948841 653088 209483 589696 889727 977281 1070224 745687 1110968 556231 354830 950702 899280 390620 902335 742231 813210 640837 334004 816835 313393 890047 167261 549518 1081335 1068340 797781 742415 1062660 352585 354075 689970 585492 841341 663332 472433 688240 170069 1085284 790737 935709 302181 749738 978498 888519 639981 1001830 412308 850972 934257 525626 623782 895991 359125 822037 392104 528255 864730 929061 969838 259729 911524 645896 439701 600608 841427 941839 929998 44084 550136 244938 176022 898705 843007 265921 526336 463511 902213 572523 866342 198532 728121 1225004 758073 857643 314177 600821 695424 448048 211941 403811 584773 431691 144515
228667 0 661014 929058 225270 805121 744770 450555 196877 419299 750679 775401 874124 589730 885063 477974 186984 726430 736663 319477 723021 521445 611639 412395 156363 618189 262169 666681 143512 428189 855926 847148 675852 693977 870004 182248 338287 628368 360838 620910 454466 294497 552698 74750 858049 590829 727700 246161 625541 768220 690500 471748 793083 249564 622409 705673 348290 550069 678505 237725 596065 204155 301008 674934 725998 794210 98382 691075 430788 214960 466034 710127 757620 712815 201843 368445 83784 327071 730854 650279 226611 302848 324803 747689 370283 735808 179230 509245 1011206 679334 644486 142268 374207 516999 260537 230625 266890 418350 342699 116675
888628 661014 0 385573 845536 637762 305513 429901 765878 563175 768180 334622 573416 638182 312499 807899 579967 241013 670216 768771 588187 285112 430027 250333 584205 449339 730333 92031 775835 699203 298370 350763 786248 985216 591871 578759 847388 916794 306637 273695 394564 561790 693943 729068 265733 437467 269139 771354 755899 414845 329092 571408 439433 609943 101573 106954 549859 849228 314825 633404 78183 532779 360374 515311 305574 640418 645368 137274 284898 449859 673666 773594 578797 328080 862651 532075 655503 942198 644969 491471 742515 398607 650051 708674 380982 789538 787613 307070 542349 906281 349482 633326 318942 536341 549105 831764 597898 483097 746102 767515
1152267 929058 385573 0 1057893 464981 656889 527706 1078519 648123 666244 677447 327266 616316 77044 875088 905907 203242 554368 910310 467680 410608 402409 548688 900934 412299 1066503 465792 1006859 777153 87594 90891 735553 982476 355065 903222 997082 929019 632326 312733 505323 717449 700702 982355 127178 425365 623297 948806 728983 242049 699227 623666 240567 780320 345234 282081 678231 886508 267544 972164 457566 860013 660974 426616 663864 476459 946070 498733 649602 748921 728941 698700 430015 237550 1117258 652468 951368 1245565 528175 423247 1068107 626534 780365 593846 742014 702657 1002675 426413 172433 886165 318764 849508 556567 562541 726033 1034524 944419 858270 872893 1012961
179743 225270 845536 1057893 0 833502 963237 536150 335479 447358 722455 994790 935241 588570 1026330 378614 408033 862772 742591 216712 756103 650384 689173 596360 378796 689491 434018 865453 81760 383378 995153 969846 626063 563062 924546 403789 174432 510246 563406 745646 553961 345100 523177 154053 1007457 665506 943946 132690 579390 861692 911933 493685 882459 281154 789520 871607 392785 444924 792800 444326 788982 429220 497962 727638 945095 819885 310045 894948 645027 423834 437816 672047 798558 825478 138392 418965 292700 355064 745015 709089 387581 452551 310792 741327 592760 696404 57975 632628 1109966 578960 747838 214534 533005 554077 332040 33480 481079 642667 260387 115727
982479 805121 637762 464981 833502 0 940169 370471 997027 392989 212359 970924 153940 250448 500447 523338 878624 417934 111977 630297 82232 406405 236677 605847 858690 220091 1030882 727451 815713 461281 476070 394666 305582 557312 128210 873875 708922 519827 684407 367652 383226 514368 332566 826214 527467 245607 903931 702180 319916 245337 950250 342549 233169 571001 539309 552266 459999 504255 323747 956601 666687 845020 666135 145437 937298 15815 867911 774308 761273 719477 403826 257132 61324 317155 939628 437681 864435 1126148 95881 174585 1011627 555683 523137 142329 820865 253057 791589 396608 388901 458342 290888 675597 538832 289041 545271 802130 949683 952763 585004 840060
948841 744770 305513 656889 963237 940169 0 683465 773802 801872 1055110 34533 878591 910604 579849 1030317 595775 544734 963811 950565 885798 559580 721970 423427 614868 741326 701795 213788 883447 925733 575847 642771 1058468 1229809 897337 597430 1015836 1158329 412793 572889 649326 761156 952312 819495 529712 725375 36390 926660 1022061 720299 73040 823550 744636 791624 400975 405562 767815 1083423 619177 614626 276967 556738 479378 811602 20921 941886 689224 168687 319673 540396 913659 1053485 880266 633549 935795 757266 704524 945576 939720 785876 731925 580631 852753 1000613 376900 1071928 909088 578182 825569 1161783 649668 774663 519218 802348 736106 959525 569060 393117 939941 861389
653088 450555 429901 527706 536150 370471 683465 0 634861 136624 394296 717650 423665 232887 506577 383466 508206 345242 332076 384505 289651 150382 161304 275950 488761 167789 661877 496316 494642 275309 474468 437786 377542 555851 420450 503487 470922 486958 337103 223828 35396 191488 269251 485874 497750 140292 650478 421685 338929 326883 670254 142298 349224 255297 337033 402238 150700 419960 260191 586152 415794 474766 304765 229865 673994 362444 502623 541597 429434 349681 244275 380065 316149 291429 613568 125340 500883 777393 316702 202991 644954 186090 254478 358259 469563 401614 483438 127528 574948 480513 212140 339252 187342 122738 206734 510589 579688 598453 349882 508848
209483 196877 765878 1078519 335479 997027 773802 634861 0 615173 947542 799466 1057255 786292 1026357 662625 187652 875718 932105 497166 914795 683494 793839 534899 181954 802235 104306 749125 272406 622215 999497 1002400 871510 872112 1055168 188110 493842 810148 461023 781345 633804 490470 749167 211237 993354 774441 765514 413112 821264 940795 708490 667572 966965 446333 749545 830408 543767 734547 843020 161307 692152 234095 419409 863091 753283 986677 134779 762516 495336 329793 662091 906666 947458 877251 222279 562844 134137 177365 925441 837274 56515 467719 520168 944029 408290 932342 317548 675052 1177145 866691 815527 338367 525465 710575 455363 357727 207696 391353 527254 230392
589696 419299 563175 648123 447358 392989 801872 136624 615173 0 340055 836358 487938 172775 634366 246894 525226 476231 317453 265605 312645 286967 252102 381288 499928 248456 662806 624738 423315 138709 602195 557260 288600 428380 477310 519921 352042 357565 422776 355715 170675 124803 163684 434137 629299 227985 770441 320547 241672 427370 781492 52450 444771 178072 472617 538861 71747 286494 382851 601947 542684 501874 373769 280321 790678 380668 493154 668669 522682 388074 112211 308460 352899 410784 547074 58630 486771 734704 312763 262690 636907 245095 139641 329129 542650 333393 401541 264130 672790 362039 329496 284157 285232 106855 160389 417772 606033 662678 225633 447072
889727 750679 768180 666244 722455 212359 1055110 394296 947542 340055 0 1088139 366296 169327 691819 364361 865213 581197 112081 506561 200896 495708 338412 668141 839971 319239 1001250 850806 724325 340318 664312 588094 109765 349941 340351 859923 571941 321767 731210 497400 422260 460735 201871 752679 711528 331167 1020077 590608 146233 430615 1051836 290572 426540 501290 666615 700663 410911 325246 475269 942002 778540 840799 694557 261037 1048552 197754 830595 898221 823275 723370 290153 55815 236279 481140 845660 397869 823052 1050275 138792 279995 973301 568200 431711 72522 862097 41917 691447 477987 601216 252178 426577 609748 581636 273658 498434 689210 945453 988776 462139 756327
977281 775401 334622 677447 994790 970924 34533 717650 799466 836358 1088139 0 906607 944400 600449 1064809 623408 572208 996140 984439 917534 592812 754280 457949 643300 773654 725044 243600 914737 960261 597924 666910 1092354 1264323 925813 625239 1049268 1192852 446451 604057 683442 795532 986575 850150 550399 758061 68062 959796 1056147 748811 91654 857874 772760 825680 431619 432435 802337 1117957 649112 639503 309665 585299 512890 843483 49806 972894 717915 197348 352339 572542 948163 1086995 911249 662604 965072 791799 733432 969965 971894 817979 756432 614998 887108 1033149 406396 1105294 940944 611617 847321 1196168 680765 807647 553751 836305 770330 991538 593627 415142 974088 892068
1070224 874124 573416 327266 935241 153940 878591 423665 1057255 487938 366296 906607 0 378637 375217 657141 918206 334681 262330 744625 196459 402659 263420 603630 902569 255936 1077120 665443 906658 581927 356027 271744 456669 709308 28203 913989 827588 668624 689218 330671 423649 598071 465965 906252 410510 283386 842283 807841 465955 159349 899828 443666 133984 659803 484498 474841 545821 646329 269716 994560 618159 879466 685843 207616 878980 168688 923835 709916 750187 753745 525290 409974 149176 247900 1029007 520621 923119 1200709 241154 227343 1064156 594609 626308 295765 823288 406870 888254 401356 234996 610278 264117 756720 557295 381496 622786 905686 980653 954473 700574 925806
745687 589730 638182 616316 588570 250448 910604 232887 786292 172775 169327 944400 378637 0 623489 278522 696836 486318 154122 380931 182788 354845 228069 508833 672089 212511 835573 714272 578494 211047 592793 528645 148482 369927 360533 691584 458531 312956 566819 381756 264223 296235 88188 598590 632164 211324 876632 456160 120401 375199 901162 121862 382454 342752 538287 586109 244415 273746 379349 773938 637307 671712 527226 192070 902308 235668 665751 761019 661526 554057 153699 147441 229846 395988 702038 229582 659076 898860 157524 193130 809316 399925 282180 158395 695586 169905 550338 334345 596323 278348 324023 451280 418663 110179 332872 556423 776519 820997 335472 606848
1110968 885063 312499 77044 1026330 500447 579849 506577 1026357 634366 691819 600449 375217 623489 0 870066 849829 163728 579919 891064 490982 375987 399951 492543 846769 412809 1008999 390280 971058 768142 32178 105831 751884 993042 401836 847441 977375 935865 573405 283786 480448 691786 704324 941846 50140 421121 546295 922996 740237 261212 622590 615691 267907 753202 282207 212124 656820 887672 252645 913642 386469 803330 607089 440265 586886 510280 895591 422256 583299 696719 723382 719288 458269 229206 1077595 631849 901930 1196233 553050 431837 1013024 584878 761055 620360 677147 725855 970025 394406 248124 898916 308146 814721 510862 557628 696488 1004659 883975 790073 855981 974319
556231 477974 807899 875088 378614 523338 1030317 383466 662625 246894 364361 1064809 657141 278522 870066 0 641018 716835 415865 168113 461011 533842 472809 607085 610575 462983 739838 864983 402704 108766 838131 784770 258385 220497 638633 635523 212830 151326 629217 598331 417527 272507 191599 452007 869423 450279 1000916 256900 218481 640268 1002078 254818 651743 262313 719115 785677 263268 72143 617537 707693 782180 634341 569027 464619 1017314 507843 573736 907348 730783 549834 146691 309690 508204 641828 512936 277221 560965 728007 427562 458795 701757 451456 184725 401569 727959 331603 361846 510993 872049 204825 561928 343651 512100 312967 303939 345378 726739 830341 135657 441630
354830 186984 579967 905907 408033 878624 595775 508206 187652 525226 865213 623408 918206 696836 849829 641018 0 705005 829808 494214 797422 526332 658025 357526 31360 669420 162067 561473 327215 572873 824296 834138 806269 861007 919783 5522 522903 792255 278114 620286 498820 408984 679293 253989 814423 641578 584642 429098 756559 788780 534033 574987 816086 386696 569680 648867 455117 711808 684360 78080 505381 47255 245868 737196 575705 870275 100194 575331 307790 165044 599094 832365 823994 717931 346840 467388 117407 365017 818593 709395 163733 325033 468411 848522 223002 857651 365639 521763 1015738 834370 664042 298286 365770 604837 370247 416560 85725 236391 509838 293447
950702 726430 241013 203242 862772 417934 544734 345242 875718 476231 581197 572208 334681 486318 163728 716835 705005 0 473165 729174 384710 212390 258250 349290 698992 274393 866306 332744 808355 612397 132381 130626 624801 855070 354899 702140 815195 793929 435011 121422 317782 528429 561265 781065 153071 276071 508537 759459 606166 179151 569893 462125 201313 589595 164460 140170 494676 739998 107679 772966 295441 659620 459382 320292 545983 423591 742984 376112 464584 546402 570771 599503 363893 101661 916455 470091 748164 1042331 446277 304201 866412 424430 599415 513755 552677 610230 806601 230682 322085 764654 162295 651654 353383 407818 532761 840958 747209 675444 695124 812658
899280 736663 670216 554368 742591 111977 963811 332076 932105 317453 112081 996140 262330 154122 579919 415865 829808 473165 0 533433 89477 408666 241860 594819 807146 222491 975260 755646 732029 362807 552626 476038 194430 446978 238309 824760 608611 407955 665397 396918 353965 442202 227786 749782 600366 239691 928210 610092 208225 318710 965484 265021 314481 493172 568888 596961 388431 393265 368831 907740 686910 800480 636773 155722 958569 96189 807669 803114 751652 677849 306133 148394 124744 372212 855731 369573 802303 1050434 27079 178781 951853 516194 435924 40788 799993 148772 704383 393537 495583 347948 323164 600898 515570 225063 476744 710348 905885 929921 487912 759576
390620 319477 768771 910310 216712 630297 950565 384505 497166 265605 506561 984439 744625 380931 891064 168113 494214 729174 533433 0 556663 523903 517695 538412 462992 513811 578667 810451 234593 170692 858965 819726 409355 375811 730857 488856 86806 313004 538237 607826 411577 208179 309349 285953 880920 493571 924771 89082 362794 692975 912612 302486 710174 160941 692999 769081 234520 238848 643145 555128 728237 494927 472553 538867 935257 615922 417401 848154 636157 431315 227415 455571 601466 672835 346892 259219 403260 560665 538455 524608 538648 377029 130109 528934 614714 479802 194198 502628 937948 372797 591835 198834 452186 366389 220650 183269 579039 702139 45521 273669
902335 723021 588187 467680 756103 82232 885798 289651 914795 312645 200896 917534 196459 182788 490982 461011 797422 384710 89477 556663 0 338649 167516 533793 777146 149094 949033 675407 735899 390001 463419 387633 270738 522365 177745 792631 637390 476624 609811 314553 304270 432918 269616 744897 510918 171806 849876 625643 272940 229828 891164 263160 227155 490342 487510 511011 378621 450397 281700 875451 609705 764417 588438 74701 881544 72853 785740 722756 690262 639204 332713 231120 47283 283417 859706 355950 782216 1044549 62406 102514 929504 475441 445322 130249 745998 235391 712876 326399 421356 424017 238970 594199 462381 207602 463366 725178 869306 877499 511761 759454
742231 521445 285112 410608 650384 406405 559580 150382 683494 286967 495708 592812 402659 354845 375987 533842 526332 212390 408666 523903 338649 0 171237 202737 514824 189579 687993 359462 596660 425586 344770 326187 503313 701343 409608 522634 608735 633893 286842 99466 116736 319035 408924 572192 359586 169132 524775 548738 471286 262902 557286 288386 290561 378759 188385 251948 290636 569190 159538 600214 283711 484479 285786 264456 552845 403995 548876 406323 355629 361679 393739 494661 345229 193758 706764 268004 551847 843442 386299 236135 681282 218994 395858 443615 421955 512554 594238 22878 493671 621218 139851 439616 160587 251268 320958 628727 582308 553800 493028 602369
813210 611639 430027 402409 689173 236677 721970 161304 793839 252102 338412 754280 263420 228069 399951 472809 658025 258250 241860 517695 167516 171237 0 369171 641111 19397 815464 514161 652747 375369 368514 311969 368507 597254 262334 653627 604133 537419 448402 159642 160507 345075 305020 646789 405254 24135 686352 568082 347992 175312 724837 222052 193822 408661 328461 364544 296524 487734 151467 735140 445114 620998 433923 93224 716876 233340 660521 561640 524765 494813 326536 347916 176127 170756 773112 270261 659704 938590 217884 65069 801316 333156 390238 279248 584870 361775 638611 160068 422049 506404 95956 499045 305240 160146 365405 661767 723999 716911 477398 668762
640837 412395 250333 548688 596360 605847 423427 275950 534899 381288 668141 457949 603630 508833 492543 607085 357526 349290 594819 538412 533793 202737 369171 0 354386 386088 517816 273915 525646 502327 466776 479511 652325 807550 611739 355020 611427 735755 87745 279459 245979 340150 537787 479171 458481 362013 393850 529644 611486 456618 400204 408390 484846 377479 214967 296956 344389 660179 344884 423808 193889 311377 116058 461422 411011 602197 406704 309879 156898 207161 492074 655978 545165 376103 613453 334298 414770 707370 575168 432379 520498 161535 431853 625806 219674 677295 538563 209514 666208 743163 339517 386145 96271 398685 318746 583878 398221 351220 522600 517302
334004 156363 584205 900934 378796 858690 614868 488761 181954 499928 839971 643300 902569 672089 846769 610575 31360 698992 807146 462992 777146 514824 641111 354386 0 651869 174563 570547 297632 543830 820522 827229 779106 830405 903313 26205 491626 761859 279076 610350 481131 382026 652294 224797 812724 623957 602275 397767 729247 776301 554824 550242 803327 357583 568435 648852 429289 681524 673740 102178 511074 58208 240014 718383 595061 849972 75021 586734 318712 153692 571218 806163 804897 707591 323213 442508 91427 358037 796603 690911 167556 308074 439160 824926 239136 831537 335373 509011 1006463 804754 651162 267485 354436 582083 343397 386494 116382 264216 478994 264881
816835 618189 449339 412299 689491 220091 741326 167789 802235 248456 319239 773654 255936 212511 412809 462983 669420 274393 222491 513811 149094 189579 19397 386088 651869 0 825989 533556 655189 367631 381647 322371 351121 582270 252950 664944 599927 523388 464362 178469 170740 346706 291517 651383 419779 27938 705719 566776 331894 180130 743970 215076 196363 409858 347781 383066 296759 475529 167015 746789 464451 633106 448115 75399 736189 216109 669426 581035 542061 506922 317332 329484 160153 184063 776309 270703 668155 944831 198608 46621 810910 344387 387586 259852 600833 343000 639778 177580 424341 490584 112442 502727 319847 151827 368788 661544 736576 732786 472734 672321
313393 262169 730333 1066503 434018 1030882 701795 661877 104306 662806 1001250 725044 1077120 835573 1008999 739838 162067 866306 975260 578667 949033 687993 815464 517816 174563 825989 0 701983 365252 688425 984095 995747 932884 954364 1077732 165496 584767 889778 435673 782316 655297 540516 807661 297432 972304 798059 697275 498990 882584 950107 633408 714366 977275 505374 727641 805198 591176 811971 846297 96931 653735 206687 407683 891720 680963 1021747 171301 709574 448945 326333 722923 964061 977942 879921 326302 607050 181051 247266 965991 864500 47929 482568 583989 990943 355187 989676 410073 682883 1177801 941500 825136 402152 527408 750639 502971 453777 136420 310406 604330 323688
890047 666681 92031 465792 865453 727451 213788 496316 749125 624738 850806 243600 665443 714272 390280 864983 561473 332744 755646 810451 675407 359462 514161 273915 570547 533556 701983 0 791469 757106 380126 438621 862752 1051496 683816 561130 884978 981670 305883 361176 461050 607595 764452 738203 341261 519670 177398 803514 829835 506809 238495 638599 531460 649673 188300 195953 602859 911012 405564 605803 82977 515339 368512 601784 213543 729611 637527 47479 254266 451764 736670 853242 667957 419807 867941 587767 649562 926490 730898 576975 719728 433804 698302 793408 346820 870270 808137 380047 627799 976487 437705 658544 359016 609162 589889 854967 566349 430328 792000 778395
167261 143512 775835 1006859 81760 815713 883447 494642 272406 423315 724325 914737 906658 578494 971058 402704 327215 808355 732029 234593 735899 596660 652747 525646 297632 655189 365252 791469 0 384837 940430 920474 634967 603803 898192 322856 221453 544979 487408 694177 508259 308789 522530 73694 949449 629753 864809 146140 586190 821477 831249 473164 843779 247012 724950 807775 360926 473083 745118 366969 716564 347521 423029 700205 865110 802945 230373 819477 566154 345507 434528 677060 775988 778579 123955 386043 213178 328170 731487 679320 320600 389594 296349 735259 511668 702210 45152 580456 1069301 607289 703386 157529 468822 529518 287932 90855 402068 561204 271754 42018
549518 428189 699203 777153 383378 461281 925733 275309 622215 138709 340318 960261 581927 211047 768142 108766 572873 612397 362807 170692 390001 425586 375369 502327 543830 367631 688425 757106 384837 0 736056 686385 251301 309264 566361 567355 247717 236877 529969 492776 309077 177325 139805 418658 765362 351989 895706 250909 201813 547347 899857 153489 561288 186247 610412 677519 158062 158465 515579 644427 674418 559882 472558 380210 913256 446635 517899 799857 631642 463670 57472 292226 435870 541494 505439 169627 507374 712204 368420 369959 654763 350327 104966 358601 636112 317383 351146 402771 786064 263555 460700 286420 406618 215804 213235 350433 657982 745310 125188 418379
1081335 855926 298370 87594 995153 476070 575847 474468 999497 602195 664312 597924 356027 592793 32178 838131 824296 132381 552626 858965 463419 344770 368514 466776 820522 381647 984095 380126 940430 736056 0 84284 722432 962530 381956 821792 945300 904911 548895 251869 448485 659964 673142 912007 55022 389493 541547 891247 709985 234187 615391 583683 242927 721509 259388 194487 624760 856162 220634 889139 369978 778014 580593 410912 581794 485374 868157 414709 562877 669719 691458 690670 432036 197771 1047640 599756 874191 1168557 525667 401678 987173 555058 728943 593206 655834 697768 938965 362921 249750 868767 276256 783891 481852 525818 664989 973289 860340 771074 823824 944151
1068340 847148 350763 90891 969846 394666 642771 437786 1002400 557260 588094 666910 271744 528645 105831 784770 834138 130626 476038 819726 387633 326187 311969 479511 827229 322371 995747 438621 920474 686385 84284 0 651954 896483 297734 831150 906515 841595 565538 227014 416345 628147 612053 898279 138946 334755 607537 859271 643026 158167 676825 532909 162556 691291 290122 243819 588106 797386 177686 902884 415008 789094 588288 341029 646979 404628 868865 477338 593691 674042 638476 617393 353433 146892 1032517 562247 873293 1166767 449328 335583 994774 544309 689852 516262 682807 622965 915063 340531 194117 801023 227994 762964 477619 472026 637813 945967 877622 804362 782124 927868
797781 675852 786248 735553 626063 305582 1058468 377542 871510 288600 109765 1092354 456669 148482 751884 258385 806269 624801 194430 409355 270738 503313 368507 652325 779106 351121 932884 862752 634967 251301 722432 651954 0 252812 432721 800836 469185 215510 705105 526137 410313 397289 127124 669839 765516 354640 1024668 496087 50334 494221 1047618 247870 495506 427625 686006 731298 353679 215646 517123 881142 785696 786624 660401 311619 1049879 289957 761592 909499 802311 676125 210052 54016 314247 529612 753743 346819 752416 962906 216148 322053 901590 531587 351341 165141 829551 73406 599344 482819 689010 153887 463507 533595 559748 256292 436040 592608 889269 951099 366459 669388
742415 693977 985216 982476 563062 557312 1229809 555851 872112 428380 349941 1264323 709308 369927 993042 220497 861007 855070 446978 375811 522365 701343 597254 807550 830405 582270 954364 1051496 603803 309264 962530 896483 252812 0 685028 855523 388730 72388 839044 745861 591245 485602 295334 660980 1002035 579031 1198671 459275 253520 740427 1206966 413844 744112 482055 889688 946495 465766 152567 748722 926566 970055 854835 781763 555891 1218202 541848 791013 1096102 940670 768477 316270 300376 566705 765916 701428 473384 777565 918106 468955 561440 914432 659127 402563 415360 944254 308027 559952 678868 941796 99032 692999 563038 711298 453600 519783 532084 946693 1049674 352184 644860
1062660 870004 591871 355065 924546 128210 897337 420450 1055168 477310 340351 925813 28203 360533 401836 638633 919783 354899 238309 730857 177745 409608 262334 611739 903313 252950 1077732 683816 898192 566361 381956 297734 432721 685028 0 915458 812980 645718 696443 342729 422789 590227 447107 900009 436195 280794 860981 796092 443782 177040 916873 431529 153600 651180 501003 494975 537314 625579 283929 996584 634218 881907 690397 197995 897225 143372 922346 728774 760387 755884 509357 385139 130843 264549 1021051 512539 921100 1195982 218279 220276 1063557 595258 614635 270499 831341 381227 878564 406757 261626 586007 273095 749926 561473 370493 616260 894555 983939 962938 686440 918442
352585 182248 578759 903222 403789 873875 597430 503487 188110 519921 859923 625239 913989 691584 847441 635523 5522 702140 824760 488856 792631 522634 653627 355020 26205 664944 165496 561130 322856 567355 821792 831150 800836 855523 915458 0 517831 786755 276219 616826 494308 403554 673868 249736 812250 637091 585985 423965 751117 784980 536049 569732 812249 381176 567546 646950 449768 706302 680811 83016 504411 46057 242863 732572 577413 865484 96737 575429 307698 161150 593619 826999 819340 714425 343988 462115 113833 365431 813615 704808 165767 320569 462890 843381 223878 852292 361056 517892 1012410 828848 660174 292831 362053 599770 364822 412050 91228 240100 504386 289380
354075 338287 847388 997082 174432 708922 1015836 470922 493842 352042 571941 1049268 827588 458531 977375 212830 522903 815195 608611 86806 637390 608735 604133 611427 491626 599927 584767 884978 221453 247717 945300 906515 469185 388730 812980 517831 0 336359 603219 693931 497442 290821 381497 287512 966620 580022 991575 94821 425945 779355 974114 387389 796254 237508 774609 851869 320579 274360 729863 575519 803499 531036 536469 622926 999711 694198 435831 921102 698050 484814 305188 518696 682894 759624 312729 345585 419933 529483 615554 609555 541159 451418 216766 600836 667394 541723 176346 587740 1023797 407075 678637 245190 529023 451499 298427 143434 604914 743735 127645 263456
689970 628368 916794 929019 510246 519827 1158329 486958 810148 357565 321767 1192852 668624 312956 935865 151326 792255 793929 407955 313004 476624 633893 537419 735755 761859 523388 889778 981670 544979 236877 904911 841595 215510 72388 645718 786755 336359 0 766676 682303 522337 413335 232677 598954 942663 518110 1127384 399151 203704 687411 1134939 345621 693054 411122 822259 881009 393500 81064 688587 858988 899941 784907 709391 503102 1146563 504082 724636 1025979 868310 696834 245355 267890 522486 707450 647934 401485 711631 864658 427551 506037 850863 586788 331055 380581 872086 280903 502095 611266 897952 81027 632538 494969 639537 388857 447733 478212 877979 978216 285680 585308
585492 360838 306637 632326 563406 684407 412793 337103 461023 422776 731210 446451 689218 566819 573405 629217 278114 435011 665397 538237 609811 286842 448402 87745 279076 464362 435673 305883 487408 529969 548895 565538 705105 839044 696443 276219 603219 766676 0 366997 311688 356754 584912 432414 536792 438997 388461 515021 661322 543829 375403 457501 572028 380641 292036 370754 373767 688210 432455 340278 236809 231057 67036 539135 397115 679805 338733 332091 101695 146068 528813 714109 624398 463814 562302 369498 349032 636405 647345 509964 441847 180143 446769 694068 136478 736673 506916 290996 753382 782598 425353 364174 150114 458051 327773 555485 312361 268515 529649 472815
841341 620910 273695 312733 745646 367652 572889 223828 781345 355715 497400 604057 330671 381756 283786 598331 620286 121422 396918 607826 314553 99466 159642 279459 610350 178469 782316 361176 694177 492776 251869 227014 526137 745861 342729 616826 693931 682303 366997 0 196686 408155 450589 671275 274063 171502 536743 639544 502096 177788 583113 344416 206035 469986 173017 205283 373366 624787 65473 692600 299203 577142 376273 241676 569697 369021 646944 408422 420283 456704 453104 507418 307431 97883 805534 348694 650351 942531 371441 218478 777460 318369 478016 435812 497281 521411 690142 113737 396238 658711 76806 536787 256312 293629 414263 722879 672043 627007 573709 700943
663332 454466 394564 505323 553961 383226 649326 35396 633804 170675 422260 683442 423649 264223 480448 417527 498820 317782 353965 411577 304270 116736 160507 245979 481131 170740 655297 461050 508259 309077 448485 416345 410313 591245 422789 494308 497442 522337 311688 196686 0 212233 304049 494557 469354 142838 616130 443738 372749 315332 637335 177632 339311 275010 302165 368624 177076 455069 238922 576323 380708 463140 284598 239323 640133 376426 500193 506431 401164 337101 279384 410701 326421 271528 624899 153088 499680 781463 336749 211013 640809 173865 282175 382429 446036 431599 499900 94079 561823 515606 195128 351308 161663 154275 222116 529667 567199 576260 378695 519852
472433 294497 561790 717449 345100 514368 761156 191488 490470 124803 460735 795532 598071 296235 691786 272507 408984 528429 442202 208179 432918 319035 345075 340150 382026 346706 540516 607595 308789 177325 659964 628147 397289 485602 590227 403554 290821 413335 356754 408155 212233 0 270325 312004 678266 321731 732929 231521 347650 516645 730444 177251 537714 63948 484820 561224 54409 333443 450488 484161 524803 390380 296858 392310 747418 502688 369977 647230 458284 287428 191890 424592 470587 482395 430957 77745 362922 611804 436930 370743 513204 180540 91737 453596 458887 450084 293582 298697 764936 439228 403602 161283 248727 225353 38774 319127 492161 568721 184688 328291
688240 552698 693943 700702 523177 332566 952312 269251 749167 163684 201871 986575 465965 88188 704324 191599 679293 561265 227786 309349 269616 408924 305020 537787 652294 291517 807661 764452 522530 139805 673142 612053 127124 295334 447107 673868 381497 232677 584912 450589 304049 270325 0 551462 710153 285451 919563 390705 78385 460780 936703 129449 469232 303348 596657 651436 226759 186508 455989 754388 684657 659507 537328 279234 942428 317231 636385 810192 683816 549681 88358 157524 316867 475446 644200 221087 627713 848456 237170 277917 777427 408540 230535 219806 706293 183191 490215 386874 684474 212365 399903 410801 443082 158720 309047 490203 762172 826074 264101 554481
170069 74750 729068 982355 154053 826214 819495 485874 211237 434137 752679 850150 906252 598590 941846 452007 253989 781065 749782 285953 744897 572192 646789 479171 224797 651383 297432 738203 73694 418658 912007 898279 669839 660980 900009 249736 287512 598954 432414 671275 494557 312004 551462 0 917086 624789 802279 202499 620036 809889 765194 485953 833631 256658 685560 768846 366277 523760 726058 293689 666061 276193 370695 702708 800741 814331 156681 763712 504971 287317 463208 708418 782383 760108 136039 389358 139486 300699 746617 679771 254763 356972 321003 756877 444944 733946 115520 558060 1055771 656496 688301 150739 432757 537302 283760 164317 328385 488845 317089 41929
1085284 858049 265733 127178 1007457 527467 529712 497750 993354 629299 711528 550399 410510 632164 50140 869423 814423 153071 600366 880920 510918 359586 405254 458481 812724 419779 972304 341261 949449 765362 55022 138946 765516 1002035 436195 812250 966620 942663 536792 274063 469354 678266 710153 917086 0 424869 496161 908321 750726 283526 572662 614616 294468 738345 244779 169312 646430 890986 254249 876384 341110 767600 574056 455009 536761 536251 864025 372468 541091 664528 723129 735760 481528 236444 1053094 622179 871077 1164921 573315 443585 978013 560872 751451 641091 635782 743910 950566 379569 297614 909629 310425 794323 484488 559103 680275 986993 845408 746096 847538 950756
790737 590829 437467 425365 665506 245607 725375 140292 774441 227985 331167 758061 283386 211324 421121 450279 641578 276071 239691 493571 171806 169132 24135 362013 623957 27938 798059 519670 629753 351989 389493 334755 354640 579031 280794 637091 580022 518110 438997 171502 142838 321731 285451 624789 424869 0 690029 544091 331688 199446 725820 198554 217828 385198 336009 376727 272772 466752 170623 718984 448435 605406 421312 100188 719610 240819 641556 567102 518459 479237 303798 337021 186425 192033 750441 246546 640347 917594 217171 71024 782986 316552 366115 275410 575405 352204 615174 155179 446079 489425 114476 476564 293405 137336 342752 637974 708996 707226 453328 646246
935709 727700 269139 623297 943946 903931 36390 650478 765514 770441 1020077 68062 842283 876632 546295 1000916 584642 508537 928210 924771 849876 524775 686352 393850 602275 705719 697275 177398 864809 895706 541547 607537 1024668 1198671 860981 585985 991575 1127384 388461 536743 616130 732929 919563 802279 496161 690029 0 903363 988741 683943 87533 791071 708320 765150 364688 369536 738006 1053040 582810 607907 241614 544069 455402 775746 40892 905710 676002 132432 298960 520249 882415 1019032 844082 597163 921157 726802 690877 938985 904024 750136 725489 552602 824634 965155 363229 1037279 889141 543639 791296 1129562 613506 751927 489100 768720 708841 939169 562956 391599 912961 844076
302181 246161 771354 948806 132690 702180 926660 421685 413112 320547 590608 959796 807841 456160 922996 256900 429098 759459 610092 89082 625643 548738 568082 529644 397767 566776 498990 803514 146140 250909 891247 859271 496087 459275 796092 423965 94821 399151 515021 639544 443738 231521 390705 202499 908321 544091 903363 0 448597 742533 883099 364564 761903 169986 704313 783905 272818 326977 681587 483883 723157 436328 448009 600375 910106 688372 344368 837901 607774 392057 305126 540890 668834 713108 258300 299131 328990 471587 612907 583236 457144 372826 181537 608640 573911 565509 105116 529104 990115 461261 633535 152647 452551 426386 228817 100263 511847 648914 129651 186157
749738 625541 755899 728983 579390 319916 1022061 338929 821264 241672 146233 1056147 465955 120401 740237 218481 756559 606166 208225 362794 272940 471286 347992 611486 729247 331894 882584 829835 586190 201813 709985 643026 50334 253520 443782 751117 425945 203704 661322 502096 372749 347650 78385 620036 750726 331688 988741 448597 0 486939 1008879 204013 491081 377301 656741 706209 305056 185885 498908 831234 751432 737433 614891 302378 1012842 304101 711298 876176 759518 628063 159721 92980 318969 514291 705668 299369 702091 913894 225625 308403 851256 486037 301103 186903 783964 117014 551213 450038 694290 158906 443914 483289 517727 220717 386421 545995 839778 904287 319189 620164
978498 768220 414845 242049 861692 245337 720299 326883 940795 427370 430615 748811 159349 375199 261212 640268 788780 179151 318710 692975 229828 262902 175312 456618 776301 180130 950107 506809 821477 547347 234187 158167 494221 740427 177040 784980 779355 687411 543829 177788 315332 516645 460780 809889 283526 199446 683943 742533 486939 0 740543 395181 28253 580566 325159 318677 470108 647175 113475 863049 458870 747312 548448 184594 720261 253277 806061 551737 597513 623850 495915 459226 198060 88686 939673 443760 807533 1094530 291839 182909 941747 473077 565472 359185 675005 464979 809877 267290 248293 644212 125363 665532 423115 331675 533610 835041 845024 804783 652441 834719
888519 690500 329092 699227 911933 950250 73040 670254 708490 781492 1051836 91654 899828 901162 622590 1002078 534033 569893 965484 912612 891164 557286 724837 400204 554824 743970 633408 238495 831249 899857 615391 676825 1047618 1206966 916873 536049 974114 1134939 375403 583113 637335 730444 936703 765194 572662 725820 87533 883099 1008879 740543 0 807285 766123 755989 415966 434428 741918 1058253 634593 548240 284066 497087 440143 816498 53014 950758 629684 200682 276511 492583 892091 1046353 889496 652360 877452 733623 645483 878487 942411 789627 665015 550622 821299 1000879 320283 1065979 859071 574024 864497 1143312 659600 730487 496345 791555 702845 910107 502272 323499 905034 807115
639981 471748 571408 623666 493685 342549 823550 142298 667572 52450 290572 857874 443666 121862 615691 254818 574987 462125 265021 302486 263160 288386 222052 408390 550242 215076 714366 638599 473164 153489 583683 532909 247870 413844 431529 569732 387389 345621 457501 344416 177632 177251 129449 485953 614616 198554 791071 364564 204013 395181 807285 0 410352 229476 476694 537347 123909 281871 363051 652076 557898 550240 412786 236773 813416 329861 545070 683787 555505 433883 108728 262323 304892 388285 597082 107745 538896 786612 260686 222193 688951 284121 183173 276970 581909 286665 449729 265702 636979 338700 307761 336280 313965 64176 212558 463272 654890 704713 259748 497998
1001830 793083 439433 240567 882459 233169 744636 349224 966965 444771 426540 772760 133984 382454 267907 651743 816086 201313 314481 710174 227155 290561 193822 484846 803327 196363 977275 531460 843779 561288 242927 162556 495506 744112 153600 812249 796254 693054 572028 206035 339311 537714 469232 833631 294468 217828 708320 761903 491081 28253 766123 410352 0 601537 351337 341430 490126 655721 141594 890550 485187 774818 576241 190424 744998 242512 832281 575971 625659 651101 508703 458133 191051 115658 962662 463815 833525 1119676 288034 192952 968501 499315 583647 354398 703258 462346 831235 294392 228260 647025 152165 688377 450549 346379 555850 855356 872811 833021 668972 857817
412308 249564 609943 780320 281154 571001 791624 255297 446333 178072 501290 825680 659803 342752 753202 262313 386696 589595 493172 160941 490342 378759 408661 377479 357583 409858 505374 649673 247012 186247 721509 691291 427625 482055 651180 381176 237508 411122 380641 469986 275010 63948 303348 256658 738345 385198 765150 169986 377301 580566 755989 229476 601537 0 537888 616214 113982 330058 513714 458289 567608 375106 316337 453195 776764 558738 334149 687216 480298 287947 217589 460656 529531 545841 370143 139440 324791 557355 490038 432512 474171 216096 81805 501146 468152 486337 229978 359142 828853 448159 467336 108717 292017 283144 60935 255301 471935 568030 149099 269115
850972 622409 101573 345234 789520 539309 400975 337033 749545 472617 666615 431619 484498 538287 282207 719115 569680 164460 568888 692999 487510 188385 328461 214967 568435 347781 727641 188300 724950 610412 259388 290122 686006 889688 501003 567546 774609 822259 292036 173017 302165 484820 596657 685560 244779 336009 364688 704313 656741 325159 415966 476694 351337 537888 0 83311 466558 756904 218982 631901 133898 522828 331005 414263 398792 541335 621628 235449 305015 422017 581256 672432 479682 236659 821260 446679 629463 922337 543770 390111 733314 336978 569664 607217 396785 688162 731669 210997 484065 808705 249423 575068 256580 438312 477130 772670 601782 515005 666819 721603
934257 705673 106954 282081 871607 552266 405562 402238 830408 538861 700663 432435 474841 586109 212124 785677 648867 140170 596961 769081 511011 251948 364544 296956 648852 383066 805198 195953 807775 677519 194487 243819 731298 946495 494975 646950 851869 881009 370754 205283 368624 561224 651436 768846 169312 376727 369536 783905 706209 318677 434428 537347 341430 616214 83311 0 539311 819164 229861 708889 175517 601786 412961 441356 407687 556615 703561 237371 371859 504108 644368 712460 495665 235920 904564 518033 711725 1004000 570689 420689 812600 419135 643679 636774 466470 725968 813831 274749 435637 861641 274224 657078 339068 492899 555773 854208 676984 577951 741070 804796
525626 348290 549859 678231 392785 459999 767815 150700 543767 71747 410911 802337 545821 244415 656820 263268 455117 494676 388431 234520 378621 290636 296524 344389 429289 296759 591176 602859 360926 158062 624760 588106 353679 465766 537314 449768 320579 393500 373767 373366 177076 54409 226759 366277 646430 272772 738006 272818 305056 470108 741918 123909 490126 113982 466558 539311 0 316344 410687 531419 519919 433355 319100 339319 755235 448286 421413 644613 475224 323295 156911 377319 416646 441445 483779 26350 415042 666199 382736 318536 565163 193631 105293 400826 485982 402555 343278 268912 718082 410218 361260 215604 248957 171025 88664 365251 536806 601730 202398 381793
