NAME : TSP_INST
TYPE : TSP
DIMENSION : 100
EDGE_WEIGHT_TYPE : EXPLICIT
EDGE_WEIGHT_FORMAT : FULL_MATRIX
EDGE_WEIGHT_SECTION
0 806751 1028133 831621 271254 571178 596670 1082526 836968 838382 643582 634899 594469 576683 918882 742960 444889 929051 858544 574102 771463 710821 1174276 615805 1141332 462246 337951 823794 642734 582642 1090548 951747 425893 806604 768970 966762 347687 766964 867620 1013979 447418 124623 1046895 700778 1131378 1013720 719127 584095 534881 107767 749923 1277424 1146590 719188 383177 715550 503506 638765 1126968 827664 439209 913981 473155 197258 615312 827526 658314 499192 911402 654947 704917 528159 164248 534114 862130 179360 691518 273612 562014 151569 706886 442854 862293 828987 802780 769422 498342 751334 570372 975059 40632 857930 653999 698414 676954 852526 477248 1033964 804446 963651
806751 0 512420 195592 616910 584758 452870 277626 47765 593901 191013 430248 419475 485870 129053 720474 494550 200061 317398 483741 146207 642768 422011 431593 348828 393149 588597 293617 450561 644449 334221 255639 694823 576233 77674 694550 602783 356164 274949 349307 681455 787159 399992 225026 396700 238267 206229 325691 344054 859901 283427 484862 345980 120089 591457 117001 330017 538676 326665 21339 433301 223870 370109 636999 200529 611588 660526 347617 110752 387362 398311 487844 671192 435627 59113 627435 681040 542248 254814 889235 412913 404774 138875 177430 751145 498961 407840 639205 407009 424077 768648 437642 352943 237183 344788 142214 586588 503648 201767 219702
1028133 512420 0 705657 958239 510262 925299 503243 545569 281683 646919 913746 890692 952127 436979 483676 909155 674054 211441 949192 391141 436866 358982 909698 455486 790822 698495 805794 935865 541168 347798 732207 693053 1083717 457202 277504 982384 865850 241376 205228 668278 947808 170142 389018 311959 645988 707884 462045 513055 1027912 792075 517425 494159 609533 663328 602226 569275 426757 485529 513466 830216 712449 582183 933019 624363 307746 494498 754076 466338 876273 323229 506559 863955 884948 484445 874313 486118 842886 558528 1037060 321896 791047 375947 687432 470040 1005397 533604 399729 868959 88348 1002060 949997 378688 383228 839138 644891 587024 17283 714084 341363
831621 195592 705657 0 595835 737134 339269 359142 160348 782390 201622 304338 312815 375497 284999 892879 436123 108481 512964 374618 337393 815046 559128 313383 452516 372215 686371 102961 319284 797038 478615 120165 816274 400521 265158 887932 556836 184229 470282 530661 807580 841242 581437 401290 547349 206793 112677 472277 473120 904501 125975 573708 432626 150505 702171 158960 433778 704195 416926 192264 402801 82658 473212 641196 242265 798452 824534 332644 255484 259314 577617 630916 723764 353032 223473 659725 848797 558150 356486 940098 592298 390482 329738 18243 928865 327805 534683 816794 314918 617398 791240 246473 522330 413476 214425 66406 719854 696084 29391 389337
271254 616910 958239 595835 0 609063 327021 892618 636463 837444 431716 366431 327959 305643 741775 806089 176852 700410 759702 303133 625800 751228 1023174 347511 965235 228405 387169 570965 372823 644883 935351 713627 534545 536171 600486 972757 81105 505126 753435 891613 546300 342696 933186 581337 987472 792784 484472 497574 447579 371427 498287 1101642 962612 509961 436768 508814 388998 649124 943406 635930 193471 678119 378724 87062 416405 834904 714767 272982 727364 390447 652703 522782 262380 268467 675783 174622 749928 123184 413615 414872 660117 213669 705639 596752 864490 498295 444025 783069 306798 888194 233054 590463 585756 583683 417591 628893 524835 959627 567019 808659
571178 584758 510262 737134 609063 0 751290 784640 632194 271896 558399 764085 723622 760605 626701 198681 654368 781168 415508 756984 457684 144077 771824 750261 798783 557451 238620 799637 784760 60049 709246 832050 183238 974324 509518 396024 667216 806290 451478 580439 158173 467581 592392 364750 720415 819680 662590 265034 269549 543531 744230 915360 822350 587107 189438 578443 327000 83582 804945 602682 580160 795538 298986 547998 515046 258103 108074 547588 638834 747807 229040 111153 415234 684384 610969 462963 142527 487769 391336 544127 220048 544561 538716 723029 255823 902732 217426 181386 692608 487522 556058 914956 238955 353563 733355 710560 93999 521177 724811 607566
596670 452870 925299 339269 327021 751290 0 690761 447982 902683 279688 42002 34649 36247 578508 943383 152012 446665 714038 35635 536797 872566 871072 26541 779608 197036 596190 276383 46156 803622 784644 439660 751265 232404 479240 1030899 260558 192503 687097 794273 753415 650240 843585 544125 848970 545470 253737 532051 499863 692006 215846 907341 764752 333878 633633 338614 432634 756068 747679 464391 187363 411773 453750 401463 301495 909819 857262 204377 554212 81560 688176 642324 546573 71977 506809 460738 889497 356547 394325 734128 700657 213475 582449 348225 993943 176854 537037 891092 60375 840732 557295 264541 617063 552731 125031 394445 693884 920741 310971 672392
1082526 277626 503243 359142 892618 784640 690761 0 256884 700383 461816 659358 660845 726413 168429 872734 759832 266258 399047 725021 338367 800397 221707 666049 96305 666300 841808 452562 675988 840270 167606 307550 925974 749894 317116 759302 873359 541733 351211 298226 908582 1056268 336480 431128 231662 185737 438952 556934 589622 1131163 484253 216667 73998 384356 835772 384571 592498 719362 57826 257582 705234 311068 630371 914621 477189 724252 835262 620869 171311 614047 562615 707252 942192 689957 220585 903190 846640 819802 523463 1158344 574862 679344 248187 346470 887002 682050 649776 782866 655954 430143 1044903 580470 547271 440138 568644 297527 810761 487900 384389 186169
836968 47765 545569 160348 636463 632194 447982 256884 0 639086 205047 421677 415799 482336 132785 768008 504138 152605 357006 480508 192027 690340 423201 425118 336890 409533 630231 262043 440836 691938 337408 208868 739833 553060 125255 737164 616595 332714 312407 372110 726939 822628 423000 272753 403330 193533 195060 372154 388600 893968 262510 470362 328636 127493 634892 127785 370582 586441 309971 34428 448352 178470 411051 662108 223481 657234 708292 364167 106542 377382 445569 534519 705869 438349 64410 658083 728762 568918 293641 924496 460143 422915 169648 142194 798248 477193 452516 686391 406774 457391 798251 406309 400707 284895 333129 100420 632595 535827 171900 234116
838382 593901 281683 782390 837444 271896 902683 700383 639086 0 652616 903991 870301 920977 577391 202016 840894 789526 303794 917542 447712 161492 614202 894396 681662 728253 500934 868361 926296 283392 576668 847297 449393 1102257 518603 135340 882363 902792 353342 427179 423798 738754 416991 384605 562780 795192 742851 371618 410330 815292 831349 771443 714771 648329 455391 639477 478839 199719 701265 604824 760724 817458 471330 789839 616033 26473 222872 703855 600196 876326 216012 319381 678108 845800 593845 713161 208292 714442 508507 815860 202723 721219 490901 765119 194280 1024971 395477 120428 842381 299048 820144 1003811 285878 372963 849620 735803 363525 296890 780124 514938
643582 191013 646919 201622 431716 558399 279688 461816 205047 652616 0 266916 245060 308927 319852 730686 303639 287602 436273 306294 257188 654393 611568 262927 538649 204495 485757 242637 289132 617165 523349 318511 619962 451182 201187 773420 412557 253132 407649 516896 612967 643608 565522 274647 583351 370185 105258 300956 288921 709740 186499 673774 532959 78309 503879 77263 239335 538627 514038 207983 243610 279338 276899 461461 43805 663903 654155 159125 301206 231081 437191 448424 525823 249942 249844 467288 681910 371239 167229 743717 451091 218055 307241 193902 773466 373188 346045 663674 226422 561607 603883 359357 370894 284814 198626 209738 529520 641845 180281 403168
634899 430248 913746 304338 366431 764085 42002 659358 421677 903991 266916 0 44381 75638 553544 953542 190118 410612 703188 75943 523281 881338 844677 19138 749617 218196 619346 236389 22485 817843 759070 400995 773261 211220 462467 1030200 301724 150850 673872 775580 774200 684804 825426 537737 824454 509382 226625 535667 506787 728761 179186 875582 733333 313340 654759 318907 441042 764388 716639 440332 215343 374342 465235 438796 293914 912298 868871 217195 528214 45317 688433 654041 578911 102802 482241 494467 900422 388938 396025 770497 701361 236396 563100 314446 1002692 146818 547930 897986 75428 828094 595243 224112 618141 546986 90718 362026 710769 908461 276741 649880
594469 419475 890692 312815 327959 723622 34649 660845 415799 870301 245060 44381 0 66573 545693 914435 151118 420941 679453 64713 502153 842959 838602 27139 748806 174312 575398 257337 61931 776758 751915 417322 729580 253931 444787 997979 267385 179719 652448 759959 730811 641750 809199 509936 815876 519562 222513 500260 469288 686965 192266 877509 734789 300141 611253 304696 402626 726224 717496 431396 171054 387770 425225 397744 267036 877802 829007 176040 521782 63936 655429 614046 535107 60420 473929 451167 860908 345267 361797 728410 668040 192253 548283 320706 964355 191163 508283 860685 31606 806090 554563 263461 584519 518640 101359 365701 668586 886109 284025 638819
576683 485870 952127 375497 305643 760605 36247 726413 482336 920977 308927 75638 66573 0 612251 954618 136194 482912 740700 3628 565307 885070 905175 62540 814888 203226 596019 311761 71942 811557 818479 475591 751855 238373 509572 1050503 234931 226264 715164 825095 755228 636027 874102 568433 882364 581717 288708 549504 514911 674362 252039 943035 800392 366344 635430 370717 446874 769165 783234 497929 186217 447933 465311 383710 327767 927230 867395 218055 588351 117563 707618 652867 535756 76517 540480 448351 900163 346705 413904 717031 719749 217347 613820 384368 1006288 192761 548671 905098 83183 868275 537903 291614 636097 576605 161277 430392 699632 948001 347163 705073
918882 129053 436979 284999 741775 626701 578508 168429 132785 577391 319852 553544 545693 612251 0 732482 623481 237343 275918 610264 172253 657207 293471 556279 224378 520495 673470 387953 573031 684019 206249 295264 760809 683504 150250 657945 730648 463754 226440 248095 744220 888959 298348 266240 270920 218962 327055 389959 421391 964476 394730 361222 227812 248488 668191 245887 424733 566794 208190 114517 561040 277183 462239 756848 326209 598885 686063 475078 30165 509564 412734 543578 775634 564145 71803 739856 700918 660829 357572 990949 426118 531255 89930 267668 753719 608490 482003 645025 534654 351133 881938 530649 387777 276080 465593 219335 646646 425146 301060 104532
742960 720474 483676 892879 806089 198681 943383 872734 768008 202016 730686 953542 914435 954618 732482 0 851899 920535 475094 951014 578980 77920 809068 940662 865659 752079 426607 966015 974771 163814 764185 975467 319749 1161995 642804 270024 865621 983050 521717 618224 296521 628510 613582 495991 757117 942830 831537 429731 448638 697201 916941 964220 895941 746857 375704 737910 512622 192107 880895 735388 776591 941604 489676 741904 688866 175954 91340 739017 750908 934085 323388 301886 597090 878147 733968 654140 56265 685607 567442 688402 309106 740133 642712 877159 60081 1088414 406348 90876 883910 496342 733520 1090040 370725 483730 915853 856819 282297 498901 884679 686980
444889 494550 909155 436123 176852 654368 152012 759832 504138 840894 303639 190118 151118 136194 623481 851899 0 543714 699989 133122 539490 786449 914830 171075 840611 118372 471041 399372 198163 701398 826510 549971 627129 374185 497276 974144 121369 329183 682746 808089 632588 499985 854262 520181 885188 639833 329597 472839 430689 540085 328497 974484 832462 377427 513605 378704 362475 673480 813978 510922 80731 516603 371283 249464 303884 843928 762353 157229 604259 213929 634771 551307 399935 92098 553166 312214 796289 211860 351606 582345 645326 120696 605180 439830 906323 327266 452348 810794 131331 830259 405378 413848 563140 526019 243539 477898 585348 907405 406763 704466
929051 200061 674054 108481 700410 781168 446665 266258 152605 789526 287602 410612 420941 482912 237343 920535 543714 0 500043 482155 344034 842827 479090 420553 362232 474309 759354 188069 424393 841121 405459 58824 879154 483665 277731 883184 664024 279588 452783 483358 867960 930986 532640 424926 475052 98816 216065 518194 528845 997298 231426 475296 337469 218674 769566 224877 500557 738048 323614 185909 506954 45180 541135 741847 322431 808297 859859 432711 207738 365999 598171 680506 813186 461440 197439 754227 880869 655590 421769 1031285 612739 491710 306585 104058 950789 416782 592470 838970 423397 587582 888980 314999 552442 437123 321636 78690 775811 662422 137759 338496
858544 317398 211441 512964 759702 415508 714038 399047 357006 303794 436273 703188 679453 740700 275918 475094 699989 500043 0 737759 183237 405043 356479 698747 392365 581896 547666 609255 725399 464195 295867 558801 583289 877828 253062 383649 778078 662457 49720 167304 561414 793397 190301 180733 305374 494836 502304 275298 325890 873787 588506 501313 421228 403336 522910 395576 372944 339091 405892 322955 621877 533115 392692 742759 412945 326639 445812 544026 300710 666473 187295 369116 696928 673629 302762 693488 452982 649199 351706 889503 195466 583191 193874 494820 487962 799272 361431 384664 657538 130379 828551 752079 209937 176694 630423 457303 467225 208018 517482 212879
574102 483741 949192 374618 303133 756984 35635 725021 480508 917542 306294 75943 64713 3628 610264 951014 133122 482155 737759 0 562551 881484 903259 62127 813331 199601 592459 311736 73305 807930 816503 475271 748285 241629 507030 1047117 232843 226738 712353 822596 751639 633027 871560 565324 880290 580948 287088 546052 511389 671601 251457 941659 798992 364138 631838 368450 443336 765591 781794 495907 182632 447397 461720 380919 324844 923763 863780 214538 586458 117175 704235 649258 532557 72930 538483 445225 896552 343432 410549 714232 716352 213720 611410 383341 1002699 195408 545078 901539 80315 865406 535267 293262 632701 573467 160554 429187 696006 945104 346209 702868
771463 146207 391141 337393 625800 457684 536797 338367 192027 447712 257188 523281 502153 565307 172253 578980 539490 344034 183237 562551 0 501786 404066 520004 376896 424330 505655 429716 545264 516018 319177 400870 588582 694610 72341 550548 630647 479522 150592 269147 571979 730204 314773 94191 364129 365496 319089 218595 253597 807758 405602 510098 389773 220107 497633 212342 268394 402984 370602 158167 465634 369973 302205 625702 239758 465416 524210 382375 181424 485222 255614 371517 620430 502064 155658 595102 542289 528904 215142 831465 269989 429524 93526 319650 607179 616066 312030 495651 482302 304863 736605 571124 219337 104544 448074 288146 474445 385322 338669 192246
710821 642768 436866 815046 751228 144077 872566 800397 690340 161492 654393 881338 842959 885070 657207 77920 786449 842827 405043 881484 501786 0 746893 868929 797142 683471 382102 888737 902793 131632 697659 897646 300059 1088774 565109 264553 806988 907109 450325 554500 274879 602360 553997 418160 694759 866192 754645 353600 374990 675391 840425 899984 826232 669287 332229 660332 440391 117106 810692 657828 709711 863717 419805 691764 612908 139376 62157 668285 674986 860641 246397 235252 557727 808554 657016 607040 50076 629142 492320 671412 232288 672418 567315 799290 121396 1014559 336527 43994 812752 438588 697588 1013712 292828 405906 841277 778914 236397 450877 807011 615297
1174276 422011 358982 559128 1023174 771824 871072 221707 423201 614202 611568 844677 838602 905175 293471 809068 914830 479090 356479 903259 404066 746893 0 848319 132176 808187 888756 658773 863494 819188 88385 525640 938469 958299 422952 635817 1018576 743184 325563 193075 917103 1125888 197602 475777 52150 406650 618169 600588 645185 1204964 678838 158908 171520 541866 870185 539012 670805 694066 174078 407969 849314 524243 701984 1028675 613382 640417 794373 763273 316861 800128 543725 721319 1020057 857546 365212 998879 796594 931795 618521 1225549 551866 817264 317913 543864 808479 886867 694790 718838 828079 315367 1140039 793628 557205 479889 755467 493378 821807 341745 580548 214642
615805 431593 909698 313383 347511 750261 26541 666049 425118 894396 262927 19138 27139 62540 556279 940662 171075 420553 698747 62127 520004 868929 848319 0 755419 201390 602420 249883 34811 803569 762219 413144 756677 226794 460750 1021440 283463 166738 670538 774996 757944 665778 824581 531192 827015 519368 230317 525013 494876 709624 189525 882538 740048 313415 638378 318545 428540 752106 723104 442488 197059 385396 451694 419665 287577 902245 855474 202763 531535 55051 679184 640537 560123 83819 484714 475504 887265 370107 385975 751368 691939 219207 562773 322650 990318 164683 534650 886259 58745 824534 576132 242962 608529 540167 98977 369302 695628 904753 285249 651282
1141332 348828 455486 452516 965235 798783 779608 96305 336890 681662 538649 749617 748806 814888 224378 865659 840611 362232 392365 813331 376896 797142 132176 755419 0 741915 881473 547710 766924 851402 108144 403765 951995 845696 372690 724384 951160 636015 349600 258319 932814 1106325 285364 463691 155145 281216 526296 591926 630142 1183179 576628 136846 40814 463199 870232 462220 642472 727441 42350 330771 781879 407157 678083 981214 548950 706851 837816 696370 238088 704398 571010 731951 994949 774732 289741 962711 845314 885133 579323 1207866 581728 753578 283392 439041 873462 777220 686735 774831 742090 393400 1104863 676709 567738 470841 659067 389294 835262 438981 476799 192958
462246 393149 790822 372215 228405 557451 197036 666300 409533 728253 204495 218196 174312 203226 520495 752079 118372 474309 581896 199601 424330 683471 808187 201390 741915 0 401151 362866 236009 608374 719828 491734 555295 427891 386713 860423 210448 316272 565583 693441 556789 487891 738813 401889 776120 565158 259661 357874 318315 542808 289031 877592 737243 282382 437120 281756 249666 568318 718239 411260 41450 454874 263935 269186 194897 732566 664416 45550 503894 217578 519337 450199 374942 127399 452262 298369 697373 191981 233342 581487 530361 20372 494367 371499 804444 364674 346987 705005 142824 712222 421641 418553 447504 407658 225659 401300 497219 789158 344172 595486
337951 588597 698495 686371 387169 238620 596190 841808 630231 500934 485757 619346 575398 596019 673470 426607 471041 759354 547666 592459 505655 382102 888756 602420 881473 401151 0 720574 636899 262902 811883 799231 156145 828352 528515 630900 454987 700287 566586 711877 162481 249412 737879 418230 841293 823108 587524 290155 252318 329730 652961 1012021 895428 542215 50932 535278 259997 301215 876241 609625 410018 760094 219351 316808 444125 491018 336568 409347 675045 615632 377220 192623 177527 524529 633256 227628 371505 274002 338313 342233 376972 383274 598922 676819 486342 765696 195101 419961 543963 653376 319362 808228 337732 411978 614628 681345 145886 705784 666027 691298
823794 293617 805794 102961 570965 799637 276383 452562 262043 868361 242637 236389 257337 311761 387953 966015 399372 188069 609255 311736 429716 888737 658773 249883 547710 362866 720574 0 246226 858794 579778 166656 860206 299531 357599 978794 520145 92791 568272 633375 854229 848611 684188 484023 648832 283541 137445 538245 530713 905581 73899 663342 524782 220987 742733 229951 481697 774868 510274 292702 384913 145829 518473 628015 286440 882925 892837 331576 358395 195330 658515 690330 733273 308935 325807 660675 919232 554792 409453 943854 673049 382888 430412 120537 1005486 229519 588646 894084 269048 717452 783168 144363 598384 495874 156928 168945 772049 796667 91907 492297
642734 450561 935865 319284 372823 784760 46156 675988 440836 926296 289132 22485 61931 71942 573031 974771 198163 424393 725399 73305 545264 902793 863494 34811 766924 236009 636899 246226 0 838208 778223 412154 791300 192015 484021 1052619 305051 157290 695846 796637 792668 696111 846580 560204 843943 522975 245977 557725 528430 738159 193428 891892 749904 334329 673073 340064 462424 785895 733426 460216 230351 386931 486069 447618 316384 934517 889814 237389 547364 63467 710785 674912 591802 115652 501921 506373 921503 401722 418212 780264 723688 253629 584104 330166 1024166 131700 568924 919722 93531 850108 603402 220187 640432 569464 108143 378465 730423 930504 292292 670056
582642 644449 541168 797038 644883 60049 803622 840270 691938 283392 617165 817843 776758 811557 684019 163814 701398 841121 464195 807930 516018 131632 819188 803569 851402 608374 262902 858794 838208 0 759526 892086 168586 1028591 568963 395814 706907 863933 502571 626701 143302 471813 635366 423586 767416 878900 721613 325037 328253 544057 802654 965373 876066 646933 211976 638289 383765 125169 858956 662239 629100 855586 353902 578823 573682 264987 75683 600819 696847 802940 280392 168844 433821 735689 669889 490511 109568 525822 449966 539782 269970 594614 595504 782990 223732 957855 273965 174935 745534 526580 571466 972800 296796 412243 789740 770605 120061 553319 784532 661323
1090548 334221 347798 478615 935351 709246 784644 167606 337408 576668 523349 759070 751915 818479 206249 764185 826510 405459 295867 816503 319177 697659 88385 762219 108144 719828 811883 579778 778223 759526 0 455704 869942 878986 334931 616337 930230 661880 257889 150860 849507 1045564 177684 395433 69598 342821 532445 522181 564985 1124107 595835 206131 146364 454226 795922 451189 587164 634605 138638 320717 760943 450201 619536 942076 525008 602174 741043 674897 230867 714779 480218 650848 938040 769847 278048 914240 746522 845212 532518 1145911 489773 728981 230869 462688 769527 806221 617031 673322 740805 285603 1055782 717568 485830 400535 670403 412355 752929 331440 498659 127687
951747 255639 732207 120165 713627 832050 439660 307550 208868 847297 318511 400995 417322 475591 295264 975467 549971 58824 558801 475271 400870 897646 525640 413144 403765 491734 799231 166656 412154 892086 455704 0 923770 448824 333154 941833 671265 259097 511599 539978 913557 960633 588841 479486 525087 124704 232655 567834 575367 1024447 225097 508139 375366 257211 812095 264492 542651 791432 363375 242779 521271 39258 582883 760878 356975 865801 913092 452675 265902 358100 653878 729534 843025 463436 256115 779801 934857 678305 464099 1059807 668498 510227 365401 124782 1006769 387055 638475 894796 424140 645963 911349 275550 606206 491741 316048 121734 822906 720403 147574 395237
425893 694823 693053 816274 534545 183238 751265 925974 739833 449393 619962 773261 729580 751855 760809 319749 627129 879154 583289 748285 588582 300059 938469 756677 951995 555295 156145 860206 791300 168586 869942 923770 0 983086 626337 564399 606191 847138 613458 750431 25595 308977 766937 494973 888070 933003 724351 372312 351340 377872 795503 1075277 971499 667632 119311 659890 382500 266402 953127 714883 565717 885221 343413 457573 576732 432386 241302 560439 767692 767501 396876 220045 292259 679814 731883 365116 271696 427081 460199 371630 390850 537931 677893 804953 378872 919088 287403 343512 698039 666512 420213 955949 384688 485837 763768 803089 117022 703632 798490 759037
806604 576233 1083717 400521 536171 974324 232404 749894 553060 1102257 451182 211220 253931 238373 683504 1161995 374185 483665 877828 241629 694610 1088774 958299 226794 845696 427891 828352 299531 192015 1028591 878986 448824 983086 0 626571 1224536 459108 220474 842484 924350 984645 872800 975222 725514 947842 573042 375901 739186 713789 907500 292850 956547 820898 474635 865008 482277 649513 971672 807275 580070 419685 439096 675337 618195 486248 1112306 1078395 428326 654634 228198 886281 863890 774055 304349 617448 686343 1109482 585060 598779 950761 899802 445183 715051 416923 1209913 78600 757544 1103586 285537 995945 769092 175344 817750 735883 252819 466910 921988 1076377 382457 786844
768970 77674 457202 265158 600486 509518 479240 317116 125255 518603 201187 462467 444787 509572 150250 642804 497276 277731 253062 507030 72341 565109 422952 460750 372690 386713 528515 357599 484021 568963 334931 333154 626337 626571 0 622841 596611 409707 215913 315718 611802 739185 364531 147622 389456 310491 250691 254547 278633 814387 335762 509242 378027 152500 527137 145490 275497 461547 358409 93576 428085 300718 313836 610189 193398 535662 583383 342472 147097 422567 320725 415301 625491 450761 105723 590130 603564 513646 207342 841245 335344 394859 107917 247483 673629 548208 341421 561642 427453 369658 732269 499487 275830 159715 383467 217554 515747 450207 266398 209032
966762 694550 277504 887932 972757 396024 1030899 759302 737164 135340 773420 1030200 997979 1050503 657945 270024 974144 883184 383649 1047117 550548 264553 635817 1021440 724384 860423 630900 978794 1052619 395814 616337 941833 564399 1224536 622841 0 1017512 1019820 432192 466503 539092 863037 441970 500213 587587 876652 858596 502706 543489 937740 947149 794555 761190 761682 583779 753040 611699 330969 750343 702765 893739 914935 605743 924465 739013 140228 325246 834450 683784 1000643 342889 453548 808424 975963 685745 846652 300202 849730 636763 935246 330861 854060 577504 870148 231493 1146608 530677 220896 970797 331349 950180 1117670 414467 489354 971761 836498 489671 294784 888587 580327
347687 602783 982384 556836 81105 667216 260558 873359 616595 882363 412557 301724 267385 234931 730648 865621 121369 664024 778078 232843 630647 806988 1018576 283463 951160 210448 454987 520145 305051 706907 930230 671265 606191 459108 596611 1017512 0 447064 766720 899461 616359 423714 943453 597522 986057 759459 448927 528272 480586 450243 449730 1086299 945159 489117 503136 489382 416687 700429 926358 620401 169613 637674 413930 168047 405345 881879 774394 255652 713413 331255 688040 574308 341751 211414 661860 252882 809357 181635 426637 493973 696777 201904 703968 560006 922993 425755 486893 836445 251246 908086 310838 525010 618516 601462 363703 596695 587141 982391 527520 805573
766964 356164 865850 184229 505126 806290 192503 541733 332714 902792 253132 150850 179719 226264 463754 983050 329183 279588 662457 226738 479522 907109 743184 166738 636015 316272 700287 92791 157290 863933 661880 259097 847138 220474 409707 1019820 447064 0 625186 703886 843883 803320 754763 519806 730194 376036 161529 553509 537466 854750 73955 754243 614619 260039 728041 268285 480514 790944 599552 359619 329977 238304 513425 569734 294212 915143 904876 294348 435217 115810 688512 695325 691193 237085 397068 612806 933478 505673 416341 894781 702644 336624 495039 199354 1026486 144758 590155 916806 198328 777776 726582 109306 623529 530941 90956 249827 768311 857994 163333 566684
867620 274949 241376 470282 753435 451478 687097 351211 312407 353342 407649 673872 652448 715164 226440 521717 682746 452783 49720 712353 150592 450325 325563 670538 349600 565583 566586 568272 695846 502571 257889 511599 613458 842484 215913 432192 766720 625186 0 146642 592517 808737 181248 172676 276168 445399 466598 284136 332739 888739 551304 464014 376630 368162 545597 360853 372256 378123 360648 278801 606305 486891 396440 742178 388222 375982 488631 525718 251649 635650 222554 395761 708150 650523 256050 698441 497526 647058 340812 906611 232604 568543 146199 452063 536271 764113 375335 431683 632046 154381 836092 711879 231862 172025 597992 412823 496606 234931 476365 165265
1013979 349307 205228 530661 891613 580439 794273 298226 372110 427179 516896 775580 759959 825095 248095 618224 808089 483358 167304 822596 269147 554500 193075 774996 258319 693441 711877 633375 796637 626701 150860 539978 750431 924350 315718 466503 899461 703886 146642 0 728374 955124 50898 315737 141009 445273 555033 430769 479157 1035201 632071 346001 294690 462308 689031 456683 516216 501700 284074 344288 734767 524595 542021 884786 505910 452958 601351 651189 278260 734101 353854 536220 854774 766173 307829 843833 604048 788908 478067 1052644 361079 698618 212559 512866 620804 847647 521728 527617 743147 135197 982144 777092 375075 316583 692759 466085 634501 190289 543995 144863
447418 681455 668278 807580 546300 158173 753415 908582 726939 423798 612967 774200 730811 755228 744220 296521 632588 867960 561414 751639 571979 274879 917103 757944 932814 556789 162481 854229 792668 143302 849507 913557 25595 984645 611802 539092 616359 843883 592517 728374 0 332012 744087 478051 866503 919723 717784 357306 339231 402038 790639 1055110 952967 658247 119832 650345 374297 241532 934726 701280 569020 875215 336069 471208 569481 406826 216579 559854 751870 766950 374572 201468 309579 682318 717105 379159 247505 436045 451107 396593 368123 539941 660398 795838 355964 919443 275493 318231 699218 642747 440364 952945 365109 468598 761708 792484 97859 678990 790509 739904
124623 787159 947808 841242 342696 467581 650240 1056268 822628 738754 643608 684804 641750 636027 888959 628510 499985 930986 793397 633027 730204 602360 1125888 665778 1106325 487891 249412 848611 696111 471813 1045564 960633 308977 872800 739185 863037 423714 803320 808737 955124 332012 0 983631 650355 1080210 1008421 731199 525913 480774 80523 775290 1240294 1115862 714216 286759 709207 464402 541103 1096324 808474 474497 921780 428251 256572 609287 725680 546971 517081 885476 697534 626533 441440 117800 582007 838848 190941 579008 297964 533537 102140 626383 467543 823333 835954 687809 826804 433410 644288 614191 902214 135296 901951 584138 645999 712377 852651 375257 955186 816060 921174
1046895 399992 170142 581437 933186 592392 843585 336480 423000 416991 565522 825426 809199 874102 298348 613582 854262 532640 190301 871560 314773 553997 197602 824581 285364 738813 737879 684188 846580 635366 177684 588841 766937 975222 364531 441970 943453 754763 181248 50898 744087 983631 0 353698 147028 491353 605533 462802 512426 1063992 682893 355970 324048 512299 712233 506531 553503 511425 315731 395154 780017 574282 577198 923370 553199 443290 604259 697134 328497 784177 370618 557003 886145 814285 358706 879159 603990 828098 519703 1079793 376090 743337 262741 563667 611246 898480 551163 523956 791916 117946 1016038 827839 400160 353273 743053 516737 652372 153760 594879 194475
700778 225026 389018 401290 581337 364750 544125 431128 272753 384605 274647 537737 509936 568433 266240 495991 520181 424926 180733 565324 94191 418160 475777 531192 463691 401889 418230 484023 560204 423586 395433 479486 494973 725514 147622 500213 597522 519806 172676 315737 478051 650355 353698 0 431201 455591 358949 128254 169602 729237 447551 593826 479502 263724 406888 254874 200479 313992 460652 241081 441547 445752 227639 569717 243825 398908 435806 365217 275411 504730 176390 277365 544535 498591 246304 528583 456014 474417 170991 750503 191083 402663 183475 384679 528736 647270 223204 416569 485793 311043 667895 619413 128381 12290 473245 361206 380420 387290 396837 273104
1131378 396700 311959 547349 987472 720415 848970 231662 403330 562780 583351 824454 815876 882364 270920 757117 885188 475052 305374 880290 364129 694759 52150 827015 155145 776120 841293 648832 843943 767416 69598 525087 888070 947842 389456 587587 986057 730194 276168 141009 866503 1080210 147028 431201 0 411039 597971 554376 599992 1159604 663411 209022 195953 516713 821603 513136 628414 642330 193448 384587 817456 519800 658402 989826 582027 588940 742245 731679 297079 780476 492669 671608 975709 831625 342308 957128 744451 893013 579263 1179368 500573 784252 282307 531223 757031 874699 648027 666827 803683 264291 1097733 787030 508030 434632 736420 481004 771571 294853 566878 180772
1013720 238267 645988 206793 792784 819680 545470 185737 193533 795192 370185 509382 519562 581717 218962 942830 639833 98816 494836 580948 365496 866192 406650 519368 281216 565158 823108 283541 522975 878900 342821 124704 933003 573042 310491 876652 759459 376036 445399 445273 919723 1008421 491353 455591 411039 0 310532 563614 581953 1077335 330202 383572 251254 295168 828411 299583 563170 768339 240073 218633 599484 137740 603771 830188 400052 816111 889691 522188 194996 464809 619821 725359 890892 559058 209875 836808 907563 741318 485421 1109694 633908 581707 304400 200500 967614 509553 645831 857396 521376 563343 974064 400231 583640 467199 420443 163900 824731 632634 235832 304691
719127 206229 707884 112677 484472 662590 253737 438952 195060 742851 105258 226625 222513 288708 327055 831537 329597 216065 502304 287088 319089 754645 618169 230317 526296 259661 587524 137445 245977 721613 532445 232655 724351 375901 250691 858596 448927 161529 466598 555033 717784 731199 605533 358949 597971 310532 0 402501 393425 793166 88604 655577 512790 99002 607595 106999 344532 639848 495295 214587 291089 195305 381764 528540 149058 755902 756847 220021 301592 182512 529734 553037 614092 252367 256010 548060 783841 445780 272037 829326 544048 277823 343017 112283 872549 297517 451206 761778 217185 620234 678711 261338 466707 370262 138892 148442 634775 700734 85417 424797
584095 325691 462045 472277 497574 265034 532051 556934 372154 371618 300956 535667 500260 549504 389959 429731 472839 518194 275298 546052 218595 353600 600588 525013 591926 357874 290155 538245 557725 325037 522181 567834 372312 739186 254547 502706 528272 553509 284136 430769 357306 525913 462802 128254 554376 563614 402501 0 51257 605530 487274 721885 607255 322617 279179 313870 111932 237682 588287 344985 392154 530946 120160 471458 259308 377844 354594 332242 395605 511224 161977 162491 424017 474192 359802 418346 381352 380871 140407 625043 172558 352266 310703 458033 473322 663633 95055 364914 471678 397405 553467 660309 90722 121840 489173 446161 261281 464551 460680 401174
534881 344054 513055 473120 447579 269549 499863 589622 388600 410330 288921 506787 469288 514911 421391 448638 430689 528845 325890 511389 253597 374990 645185 494876 630142 318315 252318 530713 528430 328253 564985 575367 351340 713789 278633 543489 480586 537466 332739 479157 339231 480774 512426 169602 599992 581953 393425 51257 0 559786 474694 762047 643285 322663 248513 314356 68650 257895 624052 364421 350409 537402 69202 420244 245504 414252 367725 296861 423986 485682 207492 159618 376175 438789 384226 367598 397243 330040 121787 580927 216636 310892 347041 460214 496194 639813 63938 391401 439651 448630 503617 645814 138406 165382 467420 453915 247571 515706 458628 441671
107767 859901 1027912 904501 371427 543531 692006 1131163 893968 815292 709740 728761 686965 674362 964476 697201 540085 997298 873787 671601 807758 675391 1204964 709624 1183179 542808 329730 905581 738159 544057 1124107 1024447 377872 907500 814387 937740 450243 854750 888739 1035201 402038 80523 1063992 729237 1159604 1077335 793166 605530 559786 0 831803 1317659 1191838 782326 365875 777752 540731 618750 1172262 881155 524803 985926 505555 290738 677334 801443 618452 575593 960049 745460 706926 521407 188987 626604 912676 245388 649498 350827 607754 44098 706656 522711 900618 900209 755792 866891 513481 717938 661118 982715 139905 949714 664616 725141 763968 919424 452317 1035409 878475 999207
749923 283427 792075 125975 498287 744230 215846 484253 262510 831349 186499 179186 192266 252039 394730 916941 328497 231426 588506 251457 405602 840425 678838 189525 576628 289031 652961 73899 193428 802654 595835 225097 795503 292850 335762 947149 449730 73955 551304 632071 790639 775290 682893 447551 663411 330202 88604 487274 474694 831803 0 699432 557967 186376 677201 194731 421314 724950 541930 287914 311161 195965 456409 554267 229320 844235 840637 258512 366904 134706 617895 633810 660296 239597 326520 587007 868386 480989 352924 870201 632155 309091 422210 137786 958999 215602 530024 848633 199919 704051 709295 173608 554139 458852 91182 187357 711280 784328 99890 496560
1277424 484862 517425 573708 1101642 915360 907341 216667 470362 771443 673774 875582 877509 943035 361222 964220 974484 475296 501313 941659 510098 899984 158908 882538 136846 877592 1012021 663342 891892 965373 206131 508139 1075277 956547 509242 794555 1086299 754243 464014 346001 1055110 1240294 355970 593826 209022 383572 655577 721885 762047 1317659 699432 0 142793 597500 998440 596949 777266 840350 160683 466347 917296 518645 812162 1118061 685255 797520 945188 832043 374280 830264 686324 855758 1129825 906199 425885 1099009 949306 1021965 715454 1341548 695779 889591 417041 561846 965606 891801 816933 873614 872486 473286 1241157 783663 690737 600128 784867 513560 958259 500158 599777 320726
1146590 345980 494159 432626 962612 822350 764752 73998 328636 714771 532959 733333 734789 800392 227812 895941 832462 337469 421228 798992 389773 826232 171520 740048 40814 737243 895428 524782 749904 876066 146364 375366 971499 820898 378027 761190 945159 614619 376630 294690 952967 1115862 324048 479502 195953 251254 512790 607255 643285 1191838 557967 142793 0 456056 886331 455862 651461 752905 19624 326688 776564 381809 688182 982166 546421 739670 865217 691732 236596 688019 595983 751622 1003114 763484 287609 967474 873903 886720 585368 1217721 607233 749799 296661 420209 905513 754076 701500 805257 729696 429876 1109499 650071 588544 487417 642616 371440 855184 477801 458142 214802
719188 120089 609533 150505 509961 587107 333878 384356 127493 648329 78309 313340 300141 366344 248488 746857 377427 218674 403336 364138 220107 669287 541866 313415 463199 282382 542215 220987 334329 646933 454226 257211 667632 474635 152500 761682 489117 260039 368162 462308 658247 714216 512299 263724 516713 295168 99002 322617 322663 782326 186376 597500 456056 0 555044 8980 285686 556700 437308 134335 320923 218225 325773 539118 105016 662384 676168 237174 227401 271901 437554 480463 596505 315680 177033 541764 701346 447915 207445 815142 452076 296292 249779 137722 785137 396146 384497 673514 286971 522123 679768 356108 377839 275417 231533 140021 569645 602685 138220 338731
383177 591457 663328 702171 436768 189438 633633 835772 634892 455391 503879 654759 611253 635430 668191 375704 513605 769566 522910 631838 497633 332229 870185 638378 870232 437120 50932 742733 673073 211976 795922 812095 119311 865008 527137 583779 503136 728041 545597 689031 119832 286759 712233 406888 821603 828411 607595 279179 248513 365875 677201 998440 886331 555044 0 547619 269450 256068 867410 612103 449233 773228 229281 367532 461085 444362 285792 441258 672035 648358 345775 157537 225801 562495 632737 278560 320681 321638 348115 373751 343925 420158 589867 691547 435470 800295 186270 370773 579674 622763 366785 836770 314068 399404 644465 692451 95842 671459 683369 678360
715550 117001 602226 158960 508814 578443 338614 384571 127785 639477 77263 318907 304696 370717 245887 737910 378704 224877 395576 368450 212342 660332 539012 318545 462220 281756 535278 229951 340064 638289 451189 264492 659890 482277 145490 753040 489382 268285 360853 456683 650345 709207 506531 254874 513136 299583 106999 313870 314356 777752 194731 596949 455862 8980 547619 0 278194 547794 437001 132301 320734 225615 318391 536589 100541 653486 667315 236382 225608 277906 428603 471957 591558 318696 174787 537797 692444 444831 199782 810284 443121 295198 244274 145883 776159 403747 376355 664534 290758 514942 676248 364833 368860 266546 238076 146362 561472 595519 147081 334572
503506 330017 569275 433778 388998 327000 432634 592498 370582 478839 239335 441042 402626 446874 424733 512622 362475 500557 372944 443336 268394 440391 670805 428540 642472 249666 259997 481697 462424 383765 587164 542651 382500 649513 275497 611699 416687 480514 372256 516216 374297 464402 553503 200479 628414 563170 344532 111932 68650 540731 421314 777266 651461 285686 269450 278194 0 323599 631921 351230 282042 503809 40688 370284 195621 482901 429178 228941 422434 421923 273441 215861 352563 370614 377646 328872 459981 276255 78790 566299 283391 242418 360413 422612 561778 576649 109801 458524 372602 499999 469357 589602 202612 200233 406359 423135 290402 570649 416233 460620
