NAME : TSP_INST
TYPE : TSP
DIMENSION : 100
EDGE_WEIGHT_TYPE : EXPLICIT
EDGE_WEIGHT_FORMAT : FULL_MATRIX
EDGE_WEIGHT_SECTION
0 571964 360583 577189 48581 186060 732596 562743 743878 840105 494469 920386 453365 701645 146557 394145 515097 724503 273703 170600 499449 135822 236277 150651 635696 195321 224727 414171 481501 266117 158625 437660 404493 694463 24237 554025 939620 213281 484193 510526 711690 291782 779400 481947 357419 487868 880927 533943 93974 151876 562577 702969 313811 224636 504684 463252 482429 535159 518021 233106 30342 111636 258798 335361 176209 797109 672993 273259 812864 91890 231928 552901 456410 516995 704500 210308 308359 281675 327127 759194 724492 318200 853915 312338 815701 315820 597429 223364 421328 457312 483525 572474 489684 497388 311133 246875 177441 875600 743882 717173
571964 0 749612 461682 575971 386088 196887 134763 391632 299496 322936 496080 696015 394123 709497 195043 120377 155247 558129 686910 603003 554610 725748 659379 173235 601839 544329 262705 178946 536902 600048 784120 798310 294826 561684 499435 495619 543437 404265 302066 149478 513764 471126 705939 324497 728499 360107 872373 507217 530963 215576 385426 720769 448964 765510 569437 367767 64497 213641 427192 542190 624365 752103 426642 556564 458091 189462 547400 403683 663816 647692 110148 802702 810756 138899 569884 614998 603712 291185 359088 442589 525290 440784 403845 322338 455942 63691 732698 686260 290242 795485 117320 182050 215290 309570 548512 693656 375995 345359 263386
360583 749612 0 911585 313310 451028 942520 799524 728186 935178 505034 907015 168594 1001749 295666 557040 646521 874546 634182 211524 300505 496401 152524 218369 873955 180101 211781 498617 737544 625742 208321 778310 733343 725658 384365 897596 1206947 573576 439804 810935 898723 649022 1085483 194860 665600 844513 1104845 867472 326808 258088 829700 1000253 651719 307440 857951 821040 464557 691582 788116 328604 363907 250695 149692 676075 222518 756351 762780 633391 1088344 345891 132587 780483 97681 863599 887270 570638 136909 641004 459580 768713 1033768 676184 1130203 646410 874107 663346 798362 180995 140600 500974 133794 801143 593047 768749 602862 607219 207879 1112749 1018411 968021
577189 461682 911585 0 615035 465450 443812 331324 847232 728709 703449 956552 942933 192137 712917 490981 537208 565526 351622 746993 911422 462349 810655 724727 339229 731489 713528 599403 292998 343731 705845 474963 520604 752935 553984 56818 452277 392407 762487 161805 484699 308060 236174 964636 254080 366099 500560 529224 585287 654342 251820 201164 488388 634274 402542 200771 733086 496546 248335 619111 561787 683458 834571 241853 690207 914505 651104 344449 333957 644849 779871 352815 997500 454736 490656 412651 811188 382844 548593 819639 183585 291178 363414 266890 776293 264347 418016 800179 919031 654878 1011565 351531 578153 250008 321444 367489 754007 467706 289646 337530
48581 575971 313310 615035 0 195870 744541 577960 721588 834111 470551 900260 405268 731569 133563 390892 509839 725911 320966 133135 455572 183639 195625 109725 652081 146835 180126 398027 499610 312495 110045 485052 450245 677556 71419 594447 963757 260293 453309 539247 719296 336721 811008 433983 386392 536439 896562 580706 72431 110011 584172 732266 360446 193744 553214 508644 454573 534671 539759 205706 53336 68457 219709 373946 130269 772424 664146 320081 838062 100825 183689 566120 408610 565097 711272 258418 260564 330087 314943 740307 756613 363572 879474 348516 804120 356703 606131 186507 373081 436687 435163 586188 479127 519150 334649 293941 140329 893647 768507 736800
186060 386088 451028 465450 195870 0 548958 382242 597363 660268 361897 765440 480209 552886 327373 215371 336768 539270 276658 321197 470236 197296 374017 294460 456598 272795 248129 262388 305372 257694 253873 501591 490575 534737 175873 458849 773541 228539 379732 360821 525906 260747 635654 503528 214952 504803 700781 600879 136867 193342 392603 552138 399382 173420 532753 415675 365375 351581 348707 162404 156630 254562 400278 244898 228574 656830 497958 269390 649695 277949 322587 370263 533274 561580 518547 246773 345761 310661 172186 603202 583265 287026 691454 210337 643811 244454 411913 372596 454843 316112 546151 390317 320777 328327 152058 253029 328415 698564 579658 542831
732596 196887 942520 443812 744541 548958 0 174371 521844 307168 513175 570001 892900 300640 876243 385481 314478 160849 655872 864210 797834 688055 908377 836753 115389 788095 734394 459577 260868 636757 782507 859791 886914 426613 718516 495534 311365 657852 596202 319683 70203 606376 353926 902728 419546 778637 163365 936214 680228 713792 215210 289214 822082 638106 816759 607125 559521 260352 249174 616391 704334 799277 934952 510435 742014 581746 308956 645166 246759 823630 835483 180024 998444 866798 84259 684976 809214 700975 482943 473758 347205 609519 275189 499748 381297 543869 144257 912609 882948 484649 992056 161240 376131 265628 434505 653741 871212 180952 211607 123101
562743 134763 799524 331324 577960 382242 174371 0 526367 403882 433634 625544 771772 263761 707867 254123 236329 241788 485404 701946 696568 513724 750301 674772 75186 635300 588088 351523 86622 465679 625481 697440 720288 429576 547542 373079 409246 484426 509440 176997 178042 436754 344435 785755 247069 626733 318626 779047 516916 558061 81210 256001 651707 492084 664609 459818 474313 184144 89894 470990 535263 635889 776887 342070 588829 592854 321943 474614 298736 652956 684197 26608 864478 712719 178334 511567 671351 530925 347348 493253 311309 442283 339369 328227 445227 374806 86956 752030 757149 393081 863806 20681 292157 100090 260382 481698 709084 317504 232515 168783
743878 391632 728186 847232 721588 597363 521844 526367 0 294163 251407 182196 597007 782392 838619 404409 314514 364751 854476 777625 456007 794579 783763 754417 555184 661167 590505 335436 554853 833134 681654 1087982 1084593 97772 746422 879273 827738 818088 291860 685479 451644 821989 854871 589565 660178 1062739 650712 1184919 652112 626580 606863 772972 995117 530765 1096682 923439 275780 350692 599933 516360 715533 736418 804958 756060 631183 67337 214538 845028 766315 822400 687512 501293 733271 1134826 437730 839790 602566 895452 426060 59801 831325 841710 796833 724285 197095 777069 447908 803839 607116 286776 704617 508762 291853 597230 615374 835964 782101 686285 719503 630061
840105 299496 935178 728709 834111 660268 307168 403882 294163 0 432299 273866 834550 606230 965520 446170 325014 163265 857022 925899 706416 843703 951009 899298 391334 822570 755240 449146 472277 835676 831327 1083599 1097333 231436 834096 774550 576140 839600 507835 580609 248500 813154 660782 834175 623864 1025115 389448 1171350 761934 765147 478431 595014 1018378 670665 1062503 861870 476644 311798 493589 650620 809763 870408 975786 725876 782276 333575 174387 846337 545926 929924 860997 388366 963002 1108691 240078 865580 799342 902461 520976 234541 653616 824764 567031 703327 100069 755414 318708 964344 836314 434932 942788 383225 358133 501254 606937 846497 931864 431998 518413 430189
494469 322936 505034 703449 470551 361897 513175 433634 251407 432299 0 431958 405108 694216 587485 213195 202868 399889 633003 528778 289206 556032 539938 504825 491397 414306 343709 109112 421891 612577 432335 862556 852364 223275 498456 722481 818328 589457 83844 547885 452176 607703 777067 407827 475170 853916 672283 961441 401813 375488 501266 687490 760772 279384 885052 734225 47655 259055 477171 265060 466794 485449 562589 558049 381667 302642 264238 624548 724546 571308 444986 407395 530957 918198 438272 608588 371098 670377 191487 276274 739770 630721 762675 523162 369446 572482 385862 558082 404724 50183 512390 423471 142436 466510 417240 611513 533575 694123 662815 585119
920386 496080 907015 956552 900260 765440 570001 625544 182196 273866 431958 0 769389 860065 1019399 560686 453269 411438 1010569 959564 625867 962339 965905 936163 634585 843314 772635 507423 673180 988952 863456 1244304 1245795 231442 921537 995496 849982 979141 473546 798063 504128 974153 922286 759302 799994 1208053 663282 1339137 829862 807436 706196 849438 1158437 711090 1243485 1058432 457952 473903 709433 695936 891471 917406 986989 900070 812912 154179 307501 1000631 814606 1001052 869611 603768 906637 1284650 492650 1002256 783525 1053340 597219 162271 908731 991544 838116 870868 188795 924362 539597 986035 782042 463657 875350 605665 447938 711283 763684 994163 964100 705791 780706 690504
453365 696015 168594 942933 405268 480209 892900 771772 597007 834550 405108 769389 0 1002299 433085 517950 581190 800044 714363 345078 144510 583165 302195 340823 842546 259122 239972 433402 724586 701696 296981 889910 852254 611454 474191 938954 1179785 654183 326719 819872 840031 718137 1087789 29773 689085 938414 1056067 984442 388302 312238 816901 998876 764452 308676 957166 886275 358863 633088 779562 324213 445877 359226 307804 723447 280351 615804 669285 711214 1069629 468124 234553 749210 137447 970338 827150 657725 145496 730690 425413 644071 1040005 745925 1110740 689825 762034 718259 752407 331473 33599 416579 108668 769023 521460 762195 622078 687049 344016 1070809 1001457 939038
701645 394123 1001749 192137 731569 552886 300640 263761 782392 606230 694216 860065 1002299 0 845741 498765 499937 449912 518492 864329 943823 606958 922886 839357 228050 825371 792611 604363 280793 506115 806368 665560 708738 684668 680684 248648 263324 547639 766726 192758 358713 469998 85582 1019834 345177 558229 317555 721341 686800 745730 193386 11705 668871 702176 594576 391467 732711 447768 224346 683340 680520 797894 948483 384016 780382 847517 570738 509664 141848 780804 875260 290354 1078379 646778 368846 571520 885343 555804 580576 743672 49053 459455 173174 395826 672196 414504 334729 917472 983274 651157 1084830 278005 554345 240505 401332 528846 871576 280482 104870 178607
146557 709497 295666 712917 133563 327373 876243 707867 838619 965520 587485 1019399 433085 845741 0 523918 642049 859399 383844 88035 518730 252499 144071 96493 781298 195830 259232 524388 627503 382386 164158 488552 440075 801325 165567 684856 1085928 328710 558723 655631 852383 413711 922113 462839 502799 567905 1026369 574225 204238 212039 709124 847451 363154 308445 576258 578905 565627 668019 664569 324653 172691 102443 155273 472103 211444 885549 794353 386547 958972 68900 200717 697112 392087 576033 844519 316201 304130 377133 444884 861615 866861 437441 999907 452645 932198 448697 738895 118019 399507 558211 429245 716945 608934 643934 457689 359887 89661 1021756 890150 863579
394145 195043 557040 490981 390892 215371 385481 254123 404409 446170 213195 560686 517950 498765 523918 0 121553 336945 451099 494730 445738 406750 531311 467300 324691 406835 349756 109002 218648 429607 405916 684950 685110 329488 387950 509292 661921 418501 273321 338118 344367 417594 583791 531639 264943 659183 547968 781139 319737 336920 306591 493530 598131 254041 692666 527467 242467 144966 275312 232261 363809 433963 557575 354667 361699 468821 282679 441427 552683 484544 452682 231260 615177 730420 333939 441899 424242 493127 97478 400055 541479 437424 593467 321560 429066 373666 241346 539162 504232 164023 611881 251113 113382 261664 212724 433793 501313 557640 485478 421115
515097 120377 646521 537208 509839 336768 314478 236329 314514 325014 202868 453269 581190 499937 642049 121553 0 228773 559248 607454 483483 525927 638771 580334 289321 511480 448599 149440 244427 537577 515339 792395 797046 226946 509370 566323 615993 532037 283887 375761 258860 521363 580620 589629 348422 755312 476459 886367 437953 447304 310371 492314 712349 357051 790470 610301 247398 56191 294384 335834 484755 549169 664503 447273 468310 381630 162231 549090 522042 604983 554259 209723 693079 831381 245973 556538 510120 602925 200570 297749 547075 538331 559912 417633 309586 471111 183001 649202 573442 170334 683020 223866 61828 288436 310552 544314 613759 494919 461373 382342
724503 155247 874546 565526 725911 539270 160849 241788 364751 163265 399889 411438 800044 449912 859399 336945 228773 0 708700 831482 689014 709805 865810 804099 229306 739235 677212 376028 314673 687776 741338 930606 948093 272329 715133 611314 463015 696927 483372 417939 92814 662817 510877 805475 471499 866580 289548 1015840 655732 672672 315213 439053 872849 584788 904242 701240 447542 191981 331680 563347 694488 770881 891769 572329 695385 422618 157931 697902 407597 816158 782688 228127 917604 951407 81278 723576 737856 754466 426859 314349 498239 672305 435137 552482 222804 603187 158750 875046 795278 383498 904703 221242 282099 340489 462967 700521 838006 322394 369574 279191
273703 558129 634182 351622 320966 276658 655872 485404 854476 857022 633003 1010569 714363 518492 383844 451099 559248 708700 0 438225 733309 138169 505454 421962 542018 463657 475253 527674 400504 21675 429178 233873 240331 780067 249822 312880 779049 60827 656228 354971 661909 50512 581660 741436 239077 230216 772624 330510 326182 402130 445949 523625 166333 432164 256398 195071 640587 551172 407370 427816 272211 384852 525506 146643 434617 917556 717765 10828 651869 315279 504266 488957 729519 285528 660142 67648 569412 45804 441580 850889 526380 60457 688711 157445 864709 112813 553626 488106 684110 584897 754904 502728 564480 390264 251274 27357 444392 753509 590516 596129
170600 686910 211524 746993 133135 321197 864210 701946 777625 925899 528778 959564 345078 864329 88035 494730 607454 831482 438225 0 434490 300781 67301 27546 776772 118789 188089 478100 626554 433064 96594 567217 521822 748106 194506 724604 1093818 379291 491288 671825 833798 460764 944050 374826 519201 638017 1019660 655948 185053 160765 713270 864866 440747 256284 649469 631080 502154 639606 669099 275577 185698 66915 88261 505371 147274 820842 752403 439111 968874 134895 114020 688227 308981 653139 824729 371869 218767 438908 406967 804951 889712 486542 1010439 480999 884904 486404 722877 53390 311509 504806 344109 708659 567792 648581 465852 412323 7268 1019094 899085 864000
499449 603003 300505 911422 455572 470236 797834 696568 456007 706416 289206 625867 144510 943823 518730 445738 483483 689014 733309 434490 0 614491 408167 422253 762426 324917 275456 345487 663050 717392 360887 932958 903543 478454 515955 916139 1096810 676223 205660 773021 739407 727039 1029105 133705 659694 963117 958942 1031010 416329 347626 752290 938915 811934 301538 986553 885899 241567 538563 719614 308518 483731 427931 420428 713037 325869 471988 548027 728174 994665 537990 321101 671940 281880 1006823 725760 685384 215930 757608 366196 505413 985386 754249 1034551 677517 628392 714647 663515 435684 162549 313191 249511 690439 421729 704502 592609 706856 435543 978402 929075 858572
135822 554610 496401 462349 183639 197296 688055 513724 794579 843703 556032 962339 583165 606958 252499 406750 525927 709805 138169 300781 614491 0 367867 283906 580949 328421 346952 459347 427527 132326 292921 320073 299191 731312 112233 432523 857928 78513 564292 423627 679885 161622 679089 611012 277622 355254 823402 419265 198917 272639 494997 610010 206394 319044 374789 330380 554694 531913 451647 319534 137433 246702 388514 224713 302883 853599 688156 138429 729715 183710 367312 510035 592161 392406 675221 75005 437679 147615 368838 800172 623422 186382 769263 211605 835322 198273 565846 351462 552007 511817 618624 527436 516088 431808 253857 111727 307099 811438 663347 651225
236277 725748 152524 810655 195625 374017 908377 750301 783763 951009 539938 965905 302195 922886 144071 531311 638771 865810 505454 67301 408167 367867 0 86051 825437 128440 197206 501914 677874 500086 125951 630978 583769 762421 260396 789610 1147442 446378 492991 730136 874215 527403 1003635 331411 578403 704469 1066217 717963 237344 194957 766443 922983 504866 281909 715249 698043 508468 674995 722679 302956 248916 127201 26606 569506 170484 822500 776686 506252 1023679 200100 96514 735104 248160 717644 864444 439162 195301 506121 438961 815455 949728 553357 1065414 544047 903780 551543 765498 29387 269355 521686 286315 755726 594530 702329 522452 479481 61492 1067799 953662 914768
150651 659379 218369 724727 109725 294460 836753 674772 754417 899298 504825 936163 340823 839357 96493 467300 580334 804099 421962 27546 422253 283906 86051 0 749644 100229 166952 451954 599738 415733 72829 560678 517560 723243 174853 703570 1067500 362290 469668 646724 806253 442284 919491 370577 494389 626769 992363 651332 157999 134225 686800 839736 434039 230455 639661 613417 479354 612199 642699 249374 162942 41592 110027 483483 123251 798648 725969 422295 942804 129411 106408 660918 315989 645430 797184 356463 208053 425094 379918 780781 865331 468497 984415 458240 859176 465531 695358 78422 307253 479763 348535 681368 541166 622209 440114 395631 34460 992001 872951 837152
635696 173235 873955 339229 652081 456598 115389 75186 555184 391334 491397 634585 842546 228050 781298 324691 289321 229306 542018 776772 762426 580949 825437 749644 0 710419 662706 417000 154935 523259 700661 744404 771777 457412 619885 388054 337244 546489 570194 205215 145474 492231 300220 855664 307877 664305 245281 821200 591721 633242 99966 218212 707997 566556 702422 493379 534288 233706 134661 545354 608610 710600 852018 396045 663950 619878 342763 531369 233368 725344 759262 93899 937744 752178 151757 573533 744993 586870 419684 515648 277103 494668 272397 386880 448184 429635 110286 827011 828839 454140 936107 73626 348969 152192 329660 540867 783924 242422 172335 96592
195321 601839 180101 731489 146835 272795 788095 635300 661167 822570 414306 843314 259122 825371 195830 406835 511480 739235 463657 118789 324917 328421 128440 100229 710419 0 70718 373490 567664 453227 38020 630808 593564 635803 217196 717824 1038537 402853 373151 633580 750966 474013 908405 288172 486465 682791 947895 725412 146996 79662 658593 824357 505351 154471 700002 645551 385394 549259 615915 175896 191537 103721 153450 496464 46472 703021 648247 461751 917350 214402 49930 618381 269475 711706 740734 403425 116287 475792 312626 690481 856052 501543 959240 466441 775963 484739 644317 143942 226581 394014 291580 639110 466292 596063 424847 436351 122297 951939 847223 802208
224727 544329 211781 713528 180126 248129 734394 588088 590505 755240 343709 772635 239972 792611 259232 349756 448599 677212 475253 188089 275456 346952 197206 166952 662706 70718 0 306935 525895 462082 95180 661158 629220 565549 242569 705232 995178 415484 303200 603312 693806 478165 876953 266394 462392 701316 895846 758215 149186 74408 618190 790699 538324 96459 721730 646664 314751 489195 576917 118066 211558 159528 221085 486724 51022 632823 580854 471781 876705 266056 106092 569465 286417 738093 683000 420601 98348 493648 253187 619825 826141 505954 918550 454126 706593 479694 590153 214379 211264 324491 298037 590165 400771 557737 397375 448013 192117 902382 806823 756434
414171 262705 498617 599403 398027 262388 459577 351523 335436 449146 109112 507423 433402 604363 524388 109002 149440 376028 527674 478100 345487 459347 501914 451954 417000 373490 306935 0 325935 506916 382720 759043 751867 280312 414339 616094 752285 486690 164399 447110 407334 500505 688829 443311 366610 746253 622676 857380 326101 317829 411188 598598 661356 221986 777898 625114 133686 199737 382387 202580 384815 425627 526823 448991 333289 394450 274938 518899 649220 497971 412996 326613 543640 812131 394781 507127 361850 566361 90624 345559 648089 522991 689065 414185 408032 463826 320469 515311 424521 58991 534024 344971 94675 369624 308136 507112 483851 638226 583991 513271
481501 178946 737544 292998 499610 305372 260868 86622 554853 472277 421891 673180 724586 280793 627503 218648 244427 314673 400504 626554 663050 427527 677874 599738 154935 567664 525895 325935 0 380453 554673 616820 637153 461663 465271 324952 470883 397967 489834 131352 261407 352514 366179 741056 161515 552860 400037 701182 441841 488924 92784 276138 566619 431724 590312 391020 457095 204411 56677 411584 454863 559930 704335 259237 521366 622181 365680 389687 350810 570711 617256 88707 808045 636966 259930 425108 614187 446186 300534 529711 322860 359619 392661 243069 501267 291222 156156 677709 707104 376045 811091 102480 288664 44822 174930 395901 633765 394300 280955 237462
266117 536902 625742 343731 312495 257694 636757 465679 833134 835676 612577 988952 701696 506115 382386 429607 537577 687776 21675 433064 717392 132326 500086 415733 523259 453227 462082 506916 380453 0 419478 255427 261760 758494 241985 307678 765521 53971 636882 338789 641805 36239 571203 728461 218940 247598 755400 351791 313422 389576 427871 510884 186172 415947 275070 198054 620761 529577 388693 410895 262391 377703 520839 129282 422694 896323 696107 11983 637985 313532 494974 468766 720415 305659 639864 69273 557156 66810 421243 829333 515717 55267 675322 137461 843070 95597 533053 483767 671827 564306 744773 482796 542984 371274 229696 23799 439409 737067 575752 579096
158625 600048 208321 705845 110045 253873 782507 625481 681654 831327 432335 863456 296981 806368 164158 405916 515339 741338 429178 96594 360887 292921 125951 72829 700661 38020 95180 382720 554673 419478 0 593050 555562 651525 181073 690092 1025176 368355 397033 613894 748357 441482 888550 326098 464543 646472 940678 687484 120983 69088 644361 805827 467473 160747 663159 613383 406527 550052 601036 180759 157106 67058 152483 468457 50695 725844 657461 427667 902540 177345 75924 609809 301162 674269 738662 367887 154254 439908 314903 708441 835529 468831 944378 439596 788781 455097 639554 133864 264312 408283 325802 630469 473513 580888 405047 401954 101769 942877 832419 790875
437660 784120 778310 474963 485052 501591 859791 697440 1087982 1083599 862556 1244304 889910 665560 488552 684950 792395 930606 233873 567217 932958 320073 630978 560678 744404 630808 661158 759043 616820 255427 593050 0 63574 1013920 418631 420451 927224 273173 879573 542486 875464 271922 708106 918831 459844 127799 956619 99611 516653 587038 644709 673633 126640 639105 110075 274270 866824 781957 612190 639083 449853 533664 643818 358307 613717 1150677 949699 243694 807031 432453 660896 705172 875958 89409 875472 255709 745599 192774 671256 1084757 657778 258836 838084 380533 1096039 328185 772797 606354 857358 815377 909188 716378 798332 598086 482716 252209 571441 930274 755767 781739
404493 798310 733343 520604 450245 490575 886914 720288 1084593 1097333 852364 1245795 852254 708738 440075 685110 797046 948093 240331 521822 903543 299191 583769 517560 771777 593564 629220 751867 637153 261760 555562 63574 0 1014530 387629 467802 971659 266818 863434 573793 898004 285302 755847 881537 476907 188937 991478 134199 489072 556000 673004 716216 92976 615691 173591 320580 853172 791051 637886 617732 420166 493546 594996 378251 580313 1145792 956817 250998 849286 388238 620357 725859 830699 149494 897037 244869 709453 195115 662429 1084868 704165 278022 881852 395631 1104076 345930 791906 558074 819263 806608 865564 738473 798058 622419 491328 252828 525554 967302 795209 815396
694463 294826 725658 752935 677556 534737 426613 429576 97772 231436 223275 231442 611454 684668 801325 329488 226946 272329 780067 748106 478454 731312 762421 723243 457412 635803 565549 280312 461663 758494 651525 1013920 1014530 0 694196 786597 734728 747808 287546 591445 356475 744694 757138 608707 575341 981553 561033 1109383 606001 591011 510346 675223 927006 493814 1016369 837058 261116 257319 504967 476734 665030 700667 785417 673659 600897 163355 117863 770236 669854 777872 667949 404799 743675 1056349 342356 770838 593377 822492 368536 71098 733615 762905 701061 643272 150580 696587 350297 779745 616335 243577 720119 411682 216527 503199 535141 763217 753246 594723 622119 532912
24237 561684 384365 553984 71419 175873 718516 547542 746422 834096 498456 921537 474191 680684 165567 387950 509370 715133 249822 194506 515955 112233 260396 174853 619885 217196 242569 414339 465271 241985 181073 418631 387629 694196 0 530268 920535 189292 492160 490149 699527 267546 757858 502544 337245 465596 865164 515696 103586 168672 544781 682216 296054 234250 483137 439031 488654 527074 500245 240732 33434 135845 282749 312132 195373 800911 668643 249227 793465 105460 255107 538569 479946 496679 692718 187006 328871 258836 325823 759872 702817 293971 834364 289820 812500 292075 584975 247081 442441 459647 506537 557891 486672 479643 293273 222914 201290 858870 724739 699954
554025 499435 897596 56818 594447 458849 495534 373079 879273 774550 722481 995496 938954 248648 684856 509292 566323 611314 312880 724604 916139 432523 789610 703570 388054 717824 705232 616094 324952 307678 690092 420451 467802 786597 530268 0 507434 358944 777000 197485 533258 273303 288096 961833 256805 309671 556972 472735 570854 642532 296122 257838 440325 630894 345928 147221 749265 529296 286259 617211 541142 662814 812720 221638 678346 946607 688617 306802 390367 616184 765169 392733 986080 398131 538426 376935 803484 340075 558373 854583 237347 253204 419098 251721 817970 238206 460018 777346 913658 673074 1002588 393639 603058 284545 323562 331416 731465 524443 346415 392286
939620 495619 1206947 452277 963757 773541 311365 409246 827738 576140 818328 849982 1179785 263324 1085928 661921 615993 463015 779049 1093818 1096810 857928 1147442 1067500 337244 1038537 995178 752285 470883 765521 1025176 927224 971659 734728 920535 507434 0 804091 899876 434321 380063 729720 226467 1192735 584420 816123 187464 978559 910400 959784 381001 256681 931885 899820 851431 652973 863386 559953 424855 879028 915576 1026914 1173770 639887 992216 884433 618058 769848 128246 1023998 1088092 430797 1273613 903495 394512 828982 1080274 817652 756444 776199 270878 720862 90467 646772 667086 671861 433653 1145843 1165972 785329 1272963 410810 677571 445304 629310 787669 1101075 144298 195802 240852
213281 543437 573576 392407 260293 228539 657852 484426 818088 839600 589457 979141 654183 547639 328710 418501 532037 696927 60827 379291 676223 78513 446378 362290 546489 402853 415484 486690 397967 53971 368355 273173 266818 747808 189292 358944 804091 0 607510 372458 657408 85714 615842 681420 238629 287102 783842 372357 266304 342034 454507 551693 180324 375977 310653 251957 593902 529704 413185 372956 211387 324672 466979 164237 374192 879760 692987 60032 676020 259823 443479 484660 668774 334999 654325 27142 509074 82932 398297 818080 560168 108742 714361 161449 840569 133164 545852 429854 623753 542529 694077 500229 531302 394533 233991 33650 385597 768108 611879 608705
484193 404265 439804 762487 453309 379732 596202 509440 291860 507835 83844 473546 326719 766726 558723 273321 283887 483372 656228 491288 205660 564292 492991 469668 570194 373151 303200 164399 489834 636882 397033 879573 863434 287546 492160 777000 899876 607510 0 611426 535802 636619 850606 327275 523664 882779 755841 979134 390242 349201 573340 760560 770686 260029 911822 775295 36682 339941 546091 251451 459113 456480 513630 597881 347669 329994 344168 648687 803562 552169 396526 483620 456633 941311 521947 623866 311105 690086 223498 329127 811165 661383 842272 562149 437626 608281 466552 514063 329406 116377 434994 500632 222364 533770 461229 632756 495238 777141 740527 664917
510526 302066 810935 161805 539247 360821 319683 176997 685479 580609 547885 798063 819872 192758 655631 338118 375761 417939 354971 671825 773021 423627 730136 646724 205215 633580 603312 447110 131352 338789 613894 542486 573793 591445 490149 197485 434321 372458 611426 0 345878 304488 274833 839059 153157 459108 418976 616690 494110 554025 105940 193041 517265 515234 497229 288318 580300 334787 88810 497363 488615 605298 755756 209863 588959 752768 491402 344910 306145 591909 683401 195492 889664 547125 349138 398244 697693 397472 406835 658589 222906 301458 346035 212873 620818 243251 263577 724905 799052 500441 898141 197674 418502 88270 208904 359419 679078 398555 240003 242336
711690 149478 898723 484699 719296 525906 70203 178042 451644 248500 452176 504128 840031 358713 852383 344367 258860 92814 661909 833798 739407 679885 874215 806253 145474 750966 693806 407334 261407 641805 748357 875464 898004 356475 699527 533258 380063 657408 535802 345878 0 613822 418159 848384 422874 802598 220163 956454 652165 679283 240210 347678 827977 598377 840609 633577 499185 208179 264927 576601 682512 770322 900641 519759 705514 511703 238909 651090 316147 803471 797048 173108 950084 889342 14500 684485 763701 707592 440661 403812 406683 620079 345308 504468 315393 552227 114775 880449 831851 427045 941357 159531 319341 277604 426829 656886 840636 245120 276760 186400
291782 513764 649022 308060 336721 260747 606376 436754 821989 813154 607703 974153 718137 469998 413711 417594 521363 662817 50512 460764 727039 161622 527403 442284 492231 474013 478165 500505 352514 36239 441482 271922 285302 744694 267546 273303 729720 85714 636619 304488 613822 0 534976 744290 191675 246541 722141 365021 331042 407099 395753 474841 215767 425725 277406 172026 618626 510039 357573 418911 285140 403291 548879 96377 441167 886064 677852 40473 602308 344818 517330 441159 742620 312952 612417 104591 574622 94639 417398 815728 479483 27789 639470 110336 824117 62622 506705 512219 689010 558683 765413 454411 530604 340757 211038 59664 467283 703013 540484 545629
779400 471126 1085483 236174 811008 635654 353926 344435 854871 660782 777067 922286 1087789 85582 922113 583791 580620 510877 581660 944050 1029105 679089 1003635 919491 300220 908405 876953 688829 366179 571203 888550 708106 755847 757138 757858 288096 226467 615842 850606 274833 418159 534976 0 1105393 425232 593160 331595 754684 768460 828835 277647 90276 724214 787069 627668 435289 816291 527315 309826 768387 759331 877939 1029008 454508 863706 918966 641350 573540 135386 856174 958233 371000 1162966 679507 429773 638487 970158 615992 666135 813506 55710 521533 146639 469903 733546 483104 409761 997334 1068627 734745 1169877 357121 636345 326087 483702 594527 951273 287920 142374 231846
481947 705939 194860 964636 433983 503528 902728 785755 589565 834175 407827 759302 29773 1019834 462839 531639 589629 805475 741436 374826 133705 611012 331411 370577 855664 288172 266394 443311 741056 728461 326098 918831 881537 608707 502544 961833 1192735 681420 327275 839059 848384 744290 1105393 0 710596 966200 1065595 1013579 415257 339388 833024 1016144 793517 330964 985303 911735 360829 642472 796449 345526 473875 388714 336455 747511 308132 605292 671256 738108 1084144 497769 264284 762721 152098 998940 835283 685423 173673 758435 440906 638312 1058255 772068 1125052 713584 759136 743098 763422 360728 63372 422749 116199 782310 529153 779440 643378 714153 373735 1081505 1016403 952244
357419 324497 665600 254080 386392 214952 419546 247069 660178 623864 475170 799994 689085 345177 502799 264943 348422 471499 239077 519201 659694 277622 578403 494389 307877 486465 462392 366610 161515 218940 464543 459844 476907 575341 337245 256805 584420 238629 523664 153157 422874 191675 425232 710596 0 408480 547042 548074 343882 407548 217788 345984 405110 380544 444522 263726 497820 327895 175231 365084 335504 452874 603795 102275 443089 726468 496949 228253 456811 439765 535918 249882 748131 487938 421074 265696 559226 284811 302551 646169 371468 201069 497441 81646 640764 131783 315031 572393 665623 425062 760038 263904 370632 156125 67461 234630 526443 533917 388759 373737
487868 728499 844513 366099 536439 504803 778637 626733 1062739 1025115 853916 1208053 938414 558229 567905 659183 755312 866580 230216 638017 963117 355254 704469 626769 664305 682791 701316 746253 552860 247598 646472 127799 188937 981553 465596 309671 816123 287102 882779 459108 802598 246541 593160 966200 408480 0 860887 163147 552305 627289 564653 567215 215547 662254 38123 172519 865149 736318 537873 658026 492631 594206 720720 308047 658100 1127812 905347 236224 700015 504763 719240 638470 941686 89317 804428 280815 792932 207773 663911 1052610 545285 223263 728462 338559 1048322 285677 707886 682679 907235 804682 970823 646750 770912 526786 447374 256320 643211 831045 653849 689654
880927 360107 1104845 500560 896562 700781 163365 318626 650712 389448 672283 663282 1056067 317555 1026369 547968 476459 289548 772624 1019660 958942 823402 1066217 992363 245281 947895 895846 622676 400037 755400 940678 956619 991478 561033 865164 556972 187464 783842 755841 418976 220163 722141 331595 1065595 547042 860887 0 1023122 834806 872393 329473 306459 936120 799419 898434 689010 719199 423134 371950 777779 853709 953914 1092822 626186 901606 704519 447441 762318 196527 970622 995828 331453 1161699 950204 234222 810553 972070 815922 645435 596855 350965 720348 199450 622500 482238 659988 306688 1069133 1046293 646045 1155419 311002 537773 391615 574253 774798 1026756 47117 213134 176673
533943 872373 867472 529224 580706 600879 936214 779047 1184919 1171350 961441 1339137 984442 721341 574225 781139 886367 1015840 330510 655948 1031010 419265 717963 651332 821200 725412 758215 857380 701182 351791 687484 99611 134199 1109383 515696 472735 978559 372357 979134 616690 956454 365021 754684 1013579 548074 163147 1023122 0 614916 684347 721244 730355 220262 738296 127128 334113 966199 873542 691692 738514 547417 626450 729051 445810 710151 1248065 1042023 339891 863101 522127 753506 788670 964862 75187 957370 355289 840871 291114 770033 1180353 707682 348940 891251 470973 1187569 417726 857291 692205 951621 914017 999549 798561 894464 679027 575902 350269 659719 993837 816847 850857
93974 507217 326808 585287 72431 136867 680228 516916 652112 761934 401813 829862 388302 686800 204238 319737 437953 655732 326182 185053 416329 198917 237344 157999 591721 146996 149186 326101 441841 313422 120983 516653 489072 606001 103586 570854 910400 266304 390242 494110 652165 331042 768460 415257 343882 552305 834806 614916 0 76188 529470 686564 396710 131022 573276 501352 388642 464082 485554 139167 70155 119145 263513 349469 110261 704324 591747 322914 786364 171889 194642 503445 416044 591178 643676 271787 243833 344776 242513 669386 715159 358794 828086 319611 731742 338209 539984 235870 358451 366227 435769 523819 406698 465151 285655 298908 192211 834044 716370 679209
151876 530963 258088 654342 110011 193342 713792 558061 626580 765147 375488 807436 312238 745730 212039 336920 447304 672672 402130 160765 347626 272639 194957 134225 633242 79662 74408 317829 488924 389576 69088 587038 556000 591011 168672 642532 959784 342034 349201 554025 679283 407099 828835 339388 407548 627289 872393 684347 76188 0 579489 744697 464695 97199 647428 577027 354150 481215 536631 115306 137254 110016 221436 421974 35876 673960 591748 399005 838145 204142 129585 541882 343606 663698 669575 346496 167647 419552 246736 650155 776589 434865 880027 390813 725381 412440 570666 202385 282267 347465 361187 562576 407031 516707 345391 374823 166819 875228 768008 724242
562577 215576 829700 251820 584172 392603 215210 81210 606863 478431 501266 706196 816901 193386 709124 306591 310371 315213 445949 713270 752290 494997 766443 686800 99966 658593 618190 411188 92784 427871 644361 644709 673004 510346 544781 296122 381001 454507 573340 105940 240210 395753 277647 833024 217788 564653 329473 721244 529470 579489 0 187412 611246 524333 602761 394226 539366 261106 44556 504282 537294 646410 792780 299377 612441 673520 403145 435430 258845 649640 708330 105574 900776 652360 243963 481299 706922 490258 392174 574394 238513 396738 300739 293352 524614 333171 166680 765077 799706 457819 903857 100584 362454 65191 251532 446484 720517 316570 188782 156391
702969 385426 1000253 201164 732266 552138 289214 256001 772972 595014 687490 849438 998876 11705 847451 493530 492314 439053 523625 864866 938915 610010 922983 839736 218212 824357 790699 598598 276138 510884 805827 673633 716216 675223 682216 257838 256681 551693 760560 193041 347678 474841 90276 1016144 345984 567215 306459 730355 686564 744697 187412 0 675207 699757 603706 399736 726366 439766 219965 680742 681480 798325 948670 387777 779203 837950 560974 514671 133402 782848 874268 282609 1076204 655901 357929 575820 882972 561442 576385 733852 59302 464879 166280 398607 661455 418656 325561 917937 980167 644810 1082169 269757 547224 236717 400937 533466 872119 269814 93549 167033
313811 720769 651719 488388 360446 399382 822082 651707 995117 1018378 760772 1158437 764452 668871 363154 598131 712349 872849 166333 440747 811934 206394 504866 434039 707997 505351 538324 661356 566619 186172 467473 126640 92976 927006 296054 440325 931885 180324 770686 517265 827977 215767 724214 793517 405110 215547 936120 220262 396710 464695 611246 675207 0 522812 216493 297295 760795 709448 573340 524758 328237 407320 518277 312025 489994 1055667 873281 177104 806453 305914 534544 654931 749378 212905 825996 156232 620657 121129 571509 996992 670383 215808 841453 323580 1020845 278367 718944 480638 731736 715481 782553 668935 710502 556453 411507 172343 445057 915242 748113 759449
224636 448964 307440 634274 193744 173420 638106 492084 530765 670665 279384 711090 308676 702176 308445 254041 357051 584788 432164 256284 301538 319044 281909 230455 566556 154471 96459 221986 431724 415947 160747 639105 615691 493814 234250 630894 899820 375977 260029 515234 598377 425725 787069 330964 380544 662254 799419 738296 131022 97199 524333 699757 522812 0 686630 587206 260965 395164 483826 21780 200863 206988 307501 418287 111796 579718 496727 426811 782325 293655 198816 473188 376788 709167 587798 386886 183226 458150 158479 553230 737340 453057 824111 383741 628723 416521 493893 293784 285218 250280 382985 493874 313111 465052 313754 405945 261942 805962 712619 660608
504684 765510 857951 402542 553214 532753 816759 664609 1096682 1062503 885052 1243485 957166 594576 576258 692666 790470 904242 256398 649469 986553 374789 715249 639661 702422 700002 721730 777898 590312 275070 663159 110075 173591 1016369 483137 345928 851431 310653 911822 497229 840609 277406 627668 985303 444522 38123 898434 127128 573276 647428 602761 603706 216493 686630 0 210484 895072 772415 575838 683324 511458 608644 730401 343464 677281 1161472 941470 263365 736261 515149 734751 676160 955442 52203 842383 301628 811713 228986 694434 1087454 580555 255509 764176 373099 1084862 319868 745522 692454 925559 836085 985876 684589 804834 564624 481579 281441 654368 868282 690893 727511
463252 569437 821040 200771 508644 415675 607125 459818 923439 861870 734225 1058432 886275 391467 578905 527467 610301 701240 195071 631080 885899 330380 698043 613417 493379 645551 646664 625114 391020 198054 613383 274270 320580 837058 439031 147221 652973 251957 775295 288318 633577 172026 435289 911735 263726 172519 689010 334113 501352 577027 394226 399736 297295 587206 210484 0 752682 584529 370120 577841 457166 574873 718892 177418 611613 989920 752209 192668 533121 510289 689264 473581 914461 261673 636136 262719 744011 209827 551824 907521 383998 145096 563825 213226 891554 171268 543270 681810 857914 684069 936666 480189 634357 360809 317002 219486 637446 660098 483772 517185
482429 367767 464557 733086 454573 365375 559521 474313 275780 476644 47655 457952 358863 732711 565627 242467 247398 447542 640587 502154 241567 554694 508468 479354 534288 385394 314751 133686 457095 620761 406527 866824 853172 261116 488654 749265 863386 593902 36682 580300 499185 618626 816291 360829 497820 865149 719199 966199 388642 354150 539366 726366 760795 260965 895072 752682 0 303501 513098 249608 456096 463188 530148 575489 356294 319922 310567 632657 767645 554616 412492 448360 486438 926091 485349 611451 332740 675956 201947 307936 777524 642733 806212 540011 409910 587488 430187 528149 359671 81557 466596 465126 185999 501306 436908 617884 506522 740461 704948 628786
