NAME : TSP_INST
TYPE : TSP
DIMENSION : 100
EDGE_WEIGHT_TYPE : EXPLICIT
EDGE_WEIGHT_FORMAT : FULL_MATRIX
EDGE_WEIGHT_SECTION
0 442497 722747 935640 917305 896298 444198 709044 1262863 558143 933384 10418 1092035 625787 648126 1020571 1053782 810885 609739 1099486 465627 747553 818548 595834 655351 560128 693580 209614 106321 942591 965668 936791 899301 419819 1034396 630094 357929 808291 564370 972595 518418 1016402 1000118 562914 580146 375425 621903 1022206 880367 369902 218207 909095 742882 228576 603104 112430 830317 759671 867018 1234323 994875 795025 1032230 551863 809103 376314 627901 187895 635990 620866 865568 894787 1174331 853082 776253 904102 852583 418450 865402 556817 489854 777180 806447 760422 1092328 496897 926313 964004 791734 364767 777518 575381 724727 439732 238802 98394 296249 271336 244763 890037
442497 0 356578 556933 736797 702209 184615 266656 882018 235316 513549 444352 750868 193152 214643 740882 661079 398240 180158 727997 479167 305072 682638 377789 246688 256114 613929 281680 465769 550926 523289 496195 660022 471597 684806 221342 393282 403161 265834 566319 215495 702392 621016 388991 249490 174036 190462 599784 457539 266113 257042 473609 692258 360975 460149 349273 391429 326183 450355 850608 608399 359381 685049 303058 676318 452539 191746 370474 302796 302658 588186 452369 766762 414477 334663 548215 483835 236781 604521 355206 228597 340934 556447 327451 747386 512141 703807 566223 350453 169708 376253 140201 660437 390263 414317 368702 265349 390198 224024 449633
722747 356578 0 213145 464249 424826 278972 288985 541784 165251 246933 720496 394511 209197 203415 399701 331573 138193 207729 380655 482059 291557 460088 230036 428144 168385 465040 618411 779072 221477 395225 341594 353400 510267 329095 147061 477302 118837 167398 260369 527292 349254 277971 282294 527536 347329 355639 330572 212731 375929 504573 456867 542460 706849 329139 611364 258669 196320 186308 512425 272169 389330 328990 207869 458263 522517 222293 708341 93212 114635 263257 366941 456649 398731 327203 192416 131784 317063 290048 251405 556580 377151 262761 388471 391390 496497 403380 245289 267299 526239 92427 340713 508710 406702 578807 627980 439421 536881 561088 307631
935640 556933 213145 0 468645 431753 491530 407343 329050 377571 158405 933244 213407 380288 365113 303247 122944 181677 386495 171064 654959 389320 514921 398916 564903 377697 572179 827819 991866 42971 367726 314560 338895 691033 146270 335924 671969 164937 374965 102302 699243 218358 65044 452022 685762 560236 506270 192202 182530 582851 717433 486580 636858 914262 475326 824023 297890 289542 160837 299351 61797 467453 149873 403816 517271 710480 389223 917978 301054 318747 250369 382268 255236 447376 410023 69162 84298 525566 284912 431152 733817 463004 301635 483082 206071 661502 384852 68527 336818 724249 184705 508249 606883 592638 782390 840412 649430 739396 770006 308497
917305 736797 464249 468645 0 39648 567668 752439 616712 504649 617987 910247 405121 658268 658757 229305 546802 571222 650752 495119 469187 755666 115935 363575 881873 481778 251525 914402 1009473 511153 819353 763512 129755 519240 405543 590925 561805 545873 471834 570920 944927 307483 483094 371834 961159 620057 805393 660366 619909 569758 734517 910785 260033 1007724 316846 814835 707910 657472 590814 607899 505717 852894 398189 436064 125461 559751 672695 991951 455457 445977 222212 812393 662625 857038 790529 401318 438004 546332 187824 394535 964176 841203 201488 852696 415326 448521 87771 536872 726649 889645 536214 778647 249355 477573 689315 822901 639622 650002 868554 743100
896298 702209 424826 431753 39648 0 535700 713189 593298 468979 579772 889531 379529 619862 620031 208226 513353 531674 612613 465821 455828 716175 120273 331872 843507 446555 247943 886215 986571 474051 780383 724509 93837 505752 375092 552540 543236 506330 436681 534054 909047 279776 448552 344043 924271 589984 767214 623777 580868 543438 708934 871183 268748 979796 293487 792112 668314 617856 551710 582835 470535 813334 367848 403104 128449 545052 634254 965127 417794 408975 183745 772904 631720 817391 750959 363934 399104 517175 149144 364395 928991 801696 162090 813293 389182 437699 60506 500143 687006 856951 496571 741124 253266 457173 671658 800888 614460 631365 839273 703754
444198 184615 278972 491530 567668 535700 0 358200 818768 113964 503315 441716 654058 241664 260903 607178 610495 379988 223803 655719 308848 388697 503780 204094 404783 117770 429443 363725 505855 499883 583506 541935 506874 311975 593717 212915 246549 372967 123608 533725 399924 586810 555932 206594 432699 69403 332571 592001 454808 117304 226025 578108 507643 457006 276861 332496 435150 356833 436688 790131 551107 471804 592087 133789 496895 304034 251482 450206 192187 178715 449570 525702 733746 514072 427076 461105 408386 63615 458598 175597 410256 453565 404170 448668 653317 338891 545870 522445 410392 322406 341493 285974 475859 217435 316454 349012 165048 278955 311066 496807
709044 266656 288985 407343 752439 713189 358200 0 696697 307403 301884 710994 620655 119845 106327 673814 477371 226003 136563 565228 659093 38968 738486 459568 157998 331662 717584 536330 726468 383004 257874 237129 641971 668326 553077 176417 604601 245730 339780 372652 312162 607184 460824 498130 285571 394308 112971 375020 247564 473691 517570 220124 798509 602275 563985 614773 143972 117802 255588 663769 439640 116213 556078 398276 735348 662226 107822 620214 312422 330302 550077 185743 554648 156472 70423 431570 364815 421506 578351 459708 351883 99237 551143 102980 613407 685088 692140 386357 95192 390429 236912 141979 764291 568643 658774 634150 502315 627068 481517 192547
1262863 882018 541784 329050 616712 593298 818768 696697 0 704950 395316 1260130 215494 697565 679676 387498 222555 488585 706363 164547 944761 668765 708177 700940 851930 703029 808451 1156076 1320813 331105 547864 515718 510261 986648 245185 660809 980798 479911 699326 324949 1005178 317257 264013 750446 982267 887870 806083 336637 449184 904063 1044774 694211 853137 1241448 755187 1150838 560140 584816 444495 32990 273808 721063 250129 720963 714404 1012231 704349 1246259 626894 642702 467400 600629 168837 680115 676242 360713 410604 848727 490744 737394 1042663 723220 538024 747189 207465 943895 532930 317635 608492 1046762 505806 817736 830402 896015 1098333 1166787 973169 1054684 1098119 537888
558143 235316 165251 377571 504649 468979 113964 307403 704950 0 397052 555679 543941 188874 201219 510856 496819 275228 174269 542165 359447 329669 461132 159978 396849 25619 416933 466670 617904 386550 500483 453918 424744 376800 482196 134753 328673 265144 35298 422351 440285 481850 441976 191856 458861 182919 319212 484818 351960 214871 339949 519013 498113 558210 260374 446452 351344 273075 331198 676214 437252 423441 480898 91514 455980 380247 202512 555313 79526 70712 355491 451397 621130 455049 369636 348285 294466 155011 370003 153296 460181 406639 321135 407896 542619 382216 468582 409676 336333 398600 233694 283116 464240 272703 418993 462895 274934 378465 411166 411254
933384 513549 246933 158405 617987 579772 503315 301884 395316 397052 0 932736 352855 320843 300196 461599 180296 123487 333415 276125 728734 273470 651169 474242 456623 407246 688214 794960 974012 117097 209351 156851 489155 757139 291715 303439 721443 132159 408490 77069 612513 375383 184752 527449 587297 566053 412711 89015 56732 611843 719346 333796 759794 873393 567821 826009 165884 194481 66756 362339 158232 332749 297055 454064 652140 768470 324344 884020 337451 360094 396038 230001 256280 301869 282928 218836 184204 551919 430717 497963 651089 332370 435401 355348 343013 742167 537136 103249 213443 668823 163434 428983 727693 653350 815950 844077 668332 775504 737007 157422
10418 444352 720496 933244 910247 889531 441716 710994 1260130 555679 932736 0 1088201 626411 648756 1015286 1051729 810060 610228 1096592 457236 749416 810972 590742 659473 557203 685498 216424 116389 940655 967284 937889 893400 411157 1030897 629602 350244 807143 561282 971222 524300 1011952 997628 557170 585930 373197 624957 1021616 879954 365242 215974 912184 734238 237983 596498 109293 831214 760118 866291 1231725 992661 798020 1028663 547769 801501 367627 628764 197403 633239 617834 860572 896720 1172807 855817 778486 901034 850028 414630 860042 551680 496249 780107 801028 763593 1088604 488276 920015 962278 793029 370277 776282 578108 716321 432706 230052 94055 291830 263298 249824 891121
1092035 750868 394511 213407 405121 379529 654058 620655 215494 543941 352855 1088201 0 586066 572847 178649 194535 394753 590082 104640 740757 602555 493013 508343 778018 536311 593827 1009321 1159748 242829 554265 506555 294854 784806 68050 534599 787148 376624 530640 277652 907774 101768 168222 554163 897163 723189 717828 343275 390074 724657 876564 686435 637646 1099371 550247 979665 507941 502874 371869 203315 194674 678174 66365 540718 499103 813414 596252 1098605 464533 475517 256577 582847 272647 653436 622142 202840 269228 673596 277158 546603 940875 674711 327634 695414 12322 737088 319552 249825 549018 920373 392629 716711 615004 699777 909650 994149 796859 865809 952776 510096
625787 193152 209197 380288 658268 619862 241664 119845 697565 188874 320843 626411 586066 0 22347 608681 475169 209337 17998 549616 539425 147322 633422 344627 223651 213692 603132 474831 657285 367836 348454 313209 556947 549590 518257 67346 488061 218270 222273 376795 322317 553912 441917 380530 318604 284741 148067 406660 264592 358511 421431 337569 684299 552577 447872 524170 205547 134313 258835 665501 426184 235980 519734 280272 629512 544957 14596 563479 205499 220160 470387 285848 575363 273318 186331 385280 317450 304252 494869 341987 354810 218667 459726 219040 580853 565254 605804 379981 172430 350179 195583 132450 650193 449185 550193 543169 393686 516111 417124 266546
648126 214643 203415 365113 658757 620031 260903 106327 679676 201219 300196 648756 572847 22347 0 601372 457144 191093 39391 533472 555466 130027 637814 353797 225173 225356 612118 496270 679269 350927 326861 291036 554515 566942 504886 71266 506876 201619 233453 357712 334939 543979 425867 391812 327519 305836 152366 385464 243752 378049 443614 320549 693161 573264 457931 546480 183301 112137 239069 647465 409341 222226 506620 291958 634220 563354 24683 584702 209774 226187 466270 265320 555314 256266 169678 373351 305267 322956 491859 353383 368765 205534 458984 208127 567290 580568 603836 362053 151118 369512 180747 143873 658977 465724 571135 565468 414763 536634 438667 244411
1020571 740882 399701 303247 229305 208226 607178 673814 387498 510856 461599 1015286 178649 608681 601372 0 345637 457508 607370 276215 620844 665377 326883 424976 823340 495571 442495 970900 1099936 344842 670948 617717 138756 668614 194688 546308 687313 433819 487448 397855 925846 92346 292841 459566 927204 672411 753588 480333 481598 651717 814437 786525 474912 1064128 435236 910321 590077 561606 456166 379607 319393 754148 187263 477841 334178 702821 621465 1056782 438169 440525 157740 682690 446503 742649 693195 251081 312068 609983 155403 463855 953460 746617 214620 763538 189719 610396 147870 364175 621714 908214 437314 740413 456198 597954 815220 922362 725742 772192 917762 609182
1053782 661079 331573 122944 546802 513353 610495 477371 222555 496819 180296 1051729 194535 475169 457144 345637 0 266052 484274 100089 776208 451608 609762 521082 634175 498503 680940 937428 1106492 111720 365746 322205 419779 813102 151459 440441 794910 258090 496255 104994 783625 253314 69566 573900 762593 678552 585161 150023 230427 704695 835754 504385 740718 1021401 594039 942711 345899 363498 222919 190341 61147 512812 158745 526603 613412 833138 481820 1027550 421918 440417 343615 403407 133707 479129 463028 179315 206793 646913 375931 553826 820714 512663 404775 535613 182816 781591 459410 95201 392589 824748 285076 595457 712466 715306 904963 959458 770313 862065 879315 333934
810885 398240 138193 181677 571222 531674 379988 226003 488585 275228 123487 810060 394753 209337 191093 457508 266052 0 219257 344853 616578 210593 583867 367762 383284 287098 600498 678010 853958 161325 259713 204952 448846 642008 327094 182083 602050 25367 289218 168107 520780 384721 238093 419390 504775 442576 325384 212441 77337 489554 596185 339913 676482 759212 467303 702986 137192 108407 56745 456379 219575 296641 330076 338332 583186 650856 215768 767689 221444 244651 353272 241517 369022 289017 235928 208849 145550 429618 385699 387024 556711 289419 374138 307318 387690 632651 499244 170978 164229 559395 45950 330840 643111 537523 693524 720959 545033 653497 619865 175129
609739 180158 207729 386495 650752 612613 223803 136563 706363 174269 333415 610228 590082 17998 39391 607370 484274 219257 0 556595 522530 165006 623154 331546 231572 199402 589911 461587 642741 375855 366156 330352 551735 532198 522489 61632 470256 226479 208247 387256 320417 554931 448916 366123 320185 266820 154648 419986 277530 340579 404352 355056 671113 540643 434115 507495 222547 149940 270347 674485 434040 252440 523718 265783 619032 527250 28851 550610 196250 209567 466620 303827 586898 290841 203815 388368 320951 286500 490186 327563 351467 234913 453344 234328 585205 548662 600183 389091 190237 340474 202154 133181 637070 432113 532247 526440 375765 498118 403699 283757
1099486 727997 380655 171064 495119 465821 655719 565228 164547 542165 276125 1096592 104640 549616 533472 276215 100089 344853 556595 0 784225 542178 572951 537458 723075 539391 661066 997992 1159310 183567 465825 422010 375563 825038 92207 506938 816998 331875 535444 199116 865615 188219 107706 587637 848526 724981 669575 249436 322035 739590 881574 604068 712632 1084973 595855 987316 439721 448737 309824 139257 125749 608541 98990 556416 577998 849538 557874 1088096 463585 478835 316781 502510 170324 577237 556554 196248 248881 684471 344318 573521 901263 607363 385387 629673 92318 785012 407686 179325 484756 895164 354441 675342 687252 732847 933909 1003082 808926 890289 940313 432086
465627 479167 482059 654959 469187 455828 308848 659093 944761 359447 728734 457236 740757 539425 555466 620844 776208 616578 522530 784225 0 685477 361183 257441 712936 339353 229743 523117 566510 680792 858080 809430 484725 50054 699655 493399 115680 600042 334186 731713 684267 646497 709054 203706 726796 305829 641411 810031 693311 214491 330898 875931 278230 607542 190514 377634 709637 631960 667997 922853 715834 774806 694971 279444 351387 91790 551307 581089 395362 372085 485745 810834 909725 811675 725126 598516 575408 246872 471878 230775 684196 757043 415575 754312 745182 36081 498088 708830 695733 567353 571051 594413 259100 91464 227889 380239 247061 195088 495147 768435
747553 305072 291557 389320 755666 716175 388697 38968 668765 329669 273470 749416 602555 147322 130027 665377 451608 210593 165006 542178 685477 0 747645 476978 183169 353007 733560 575275 765433 361978 218948 198816 641563 696715 535581 195606 635217 232595 360525 346614 345666 595079 439689 518072 315087 428066 148632 342573 221206 505148 554571 190535 814081 640815 582016 652595 110511 103775 232764 635782 417268 98741 539015 419202 744989 692254 137282 659025 326079 345493 548119 147378 523066 126247 39978 419092 353936 451505 577724 479963 386065 85604 554205 98642 594756 710384 692019 362853 61046 428814 228680 180599 779836 595736 693206 671949 536570 660640 520484 154907
818548 682638 460088 514921 115935 120273 503780 738486 708177 461132 651169 810972 493013 633422 637814 326883 609762 583867 623154 572951 361183 747645 0 305389 853807 436243 136878 833038 914174 555197 841252 785445 198464 410984 480908 567110 460759 559236 426213 615668 896216 391641 542055 298273 919195 547808 776093 705891 643025 486211 647056 916686 148512 925083 232647 720009 716231 656301 613390 695865 561238 846340 473988 380246 9896 452760 648015 906221 428181 413588 266749 823804 734211 858792 785047 445760 466968 472126 233837 328416 911176 832768 215846 841091 501909 337788 179365 583038 727377 824851 543484 743468 134102 381115 585812 726540 551981 548350 790964 758967
595834 377789 230036 398916 363575 331872 204094 459568 700940 159978 474242 590742 508343 344627 353797 424976 521082 367762 331546 537458 257441 476978 305389 0 556820 134391 258509 557919 675549 423536 620226 568311 310321 292117 458614 283154 280055 348850 124728 474326 590840 424321 455237 53776 614521 259144 479155 553644 442752 226787 390706 661485 339672 651784 105195 485349 476274 403020 415983 676710 460272 574003 454939 74875 299470 312926 358840 639971 154610 132866 269893 582743 654124 598887 516631 345792 318266 189093 270279 39142 606380 558181 211951 561915 510680 268203 345444 451463 472355 526220 321814 442656 305575 195565 401327 497534 300800 357492 509005 530980
655351 246688 428144 564903 881873 843507 404783 157998 851930 396849 456623 659473 778018 223651 225173 823340 634175 383284 231572 723075 712936 183169 853807 556820 0 422454 812794 458794 650450 541003 367902 365867 779621 711251 710276 290968 636290 401958 432095 529233 176806 760796 618822 585086 134737 415257 77808 524087 403804 505856 497508 266122 893784 505954 655617 578185 292780 275566 413292 818948 597560 162177 713093 486225 849413 695701 209299 531746 427817 440542 691296 291970 704965 223623 181496 586177 518598 466065 717029 547075 218705 149377 683261 125324 770959 743605 828820 544025 243738 299169 390145 118917 860167 621796 660290 597312 511875 636883 412141 327987
560128 256114 168385 377697 481778 446555 117770 331662 703029 25619 407246 557203 536311 213692 225356 495571 498503 287098 199402 539391 339353 353007 436243 134391 422454 0 391370 477834 623613 389462 519013 471314 405095 358933 476025 157514 314958 275094 10063 428223 463513 470507 441405 166838 483278 187050 344826 494094 364322 207588 342445 541724 472558 570205 234922 447925 370322 292635 342218 674913 438269 447525 474346 66640 430981 364648 227476 565637 76652 61012 339073 471946 624936 477929 392984 344062 293752 148722 351877 128296 482464 430887 301354 432596 535546 360930 447987 413653 357446 416752 243979 308510 438667 254360 410929 463760 271834 369452 423299 429487
693580 613929 465040 572179 251525 247943 429443 717584 808451 416933 688214 685498 593827 603132 612118 442495 680940 600498 589911 661066 229743 733560 136878 258509 812794 391370 0 727725 792377 608131 859780 805422 304849 278615 569573 541231 336692 577950 382100 666872 829353 492585 611426 228439 860083 460166 735505 754982 669007 385493 536957 914811 81209 817346 157241 600097 722471 653589 639980 792361 626196 831299 563363 326589 127018 321429 617326 795100 407783 388079 344291 830529 811677 853301 772882 505139 508634 385178 318033 265907 838874 815821 277197 820159 601136 203320 301136 637067 724326 739665 556072 696604 47374 265960 457233 604816 443620 422244 690726 772659
209614 281680 618411 827819 914402 886215 363725 536330 1156076 466670 794960 216424 1009321 474831 496270 970900 937428 678010 461587 997992 523117 575275 833038 557919 458794 477834 727725 0 192353 826152 793675 772013 867241 489716 945936 497544 407985 681038 485117 845634 310631 948144 892724 542595 372609 299839 437047 881443 739107 346837 192612 720485 792892 93872 601305 181358 669944 607460 731183 1125374 882470 608386 945184 494843 824644 451585 473106 90183 545414 536808 813264 719535 1047022 668745 598758 809940 749797 369440 821475 522712 280552 591480 765861 572240 1007363 558914 903350 843387 626383 160493 652644 395636 767626 462351 337868 193924 284117 345616 58173 726076
106321 465769 779072 991866 1009473 986571 505855 726468 1320813 617904 974012 116389 1159748 657285 679269 1099936 1106492 853958 642741 1159310 566510 765433 914174 675549 650450 623613 792377 192353 0 994774 984248 960726 983527 522085 1099535 671892 455688 854306 629113 1019616 495409 1089303 1056854 647453 557105 436592 629113 1061822 919148 449071 285715 912816 844588 164930 693194 194643 857006 791322 908789 1291184 1049243 800718 1097939 624561 904902 478796 657087 127139 697257 684569 943206 910651 1221867 860992 790073 966188 910603 490819 945774 637139 461071 783766 887467 764593 1159139 598809 1013302 1014229 814843 351344 824543 586799 825230 533292 342048 187762 375362 371424 245000 914435
942591 550926 221477 42971 511153 474051 499883 383004 331105 386550 117097 940655 242829 367836 350927 344842 111720 161325 375855 183567 680792 361978 555197 423536 541003 389462 608131 826152 994774 0 326308 273877 381436 715047 178250 329800 691605 149568 387787 60507 682105 258302 77839 477149 665225 567587 486115 150778 147394 596586 724697 448462 674517 910683 505084 831750 265113 265820 129595 299726 58417 435352 182924 421654 557271 732484 375471 916305 313229 332730 291957 344162 235742 411809 379781 110356 105451 538165 326623 453791 717950 432091 340767 453128 234158 689105 427659 29013 306833 715961 174702 492038 644011 614815 798316 848645 660881 755825 768075 270537
965668 523289 395225 367726 819353 780383 583506 257874 547864 500483 209351 967284 554265 348454 326861 670948 365746 259713 366156 465825 858080 218948 841252 620226 367902 519013 859780 793675 984248 326308 0 55966 692271 877280 497108 371920 825470 283275 523905 278189 543997 584359 388979 669460 500918 632459 360213 217994 199602 700553 768324 147138 936141 856701 722726 868729 149353 228095 228982 516266 361533 207493 502956 579454 841035 879438 342885 876421 467214 490175 597405 76320 382102 150000 196178 425899 381362 642966 631562 634392 585801 218594 628264 243141 543519 877991 741373 309630 176213 644405 303709 398141 902706 773042 897323 887980 741288 861797 739259 89724
936791 496195 341594 314560 763512 724509 541935 237129 515718 453918 156851 937889 506555 313209 291036 617717 322205 204952 330352 422010 809430 198816 785445 568311 365867 471314 805422 772013 960726 273877 55966 0 636605 830206 447450 329109 781038 228088 475687 229028 538596 532176 339618 618276 500546 594056 346390 179830 143671 658305 734638 182248 881381 839385 670030 837010 107943 185165 173021 483406 312426 213492 453037 530174 785284 833963 309504 856858 416403 439537 541636 85092 354324 165342 185654 371196 325559 599882 575744 583830 579916 220355 572317 245494 496164 828375 685815 259019 145893 627545 249566 379095 848046 725673 857512 856092 702378 820863 716324 46779
899301 660022 353400 338895 129755 93837 506874 641971 510261 424744 489155 893400 294854 556947 554515 138756 419779 448846 551735 375563 484725 641563 198464 310321 779621 405095 304849 867241 983527 381436 692271 636605 0 533181 283957 490390 557168 423511 395806 441165 859343 193279 354728 336561 869257 567509 705010 530633 493344 534719 700073 788684 343060 961093 302991 791065 586033 540702 464599 497454 376725 737079 276866 373368 204310 568788 570958 950146 362922 358595 95679 688619 539601 737027 674654 271752 311264 499344 63854 347507 882521 726522 103742 739746 303554 472848 50573 407118 608126 821640 416858 683370 321628 468153 685950 801819 608187 643625 816885 618109
419819 471597 510267 691033 519240 505752 311975 668326 986648 376800 757139 411157 784806 549590 566942 668614 813102 642008 532198 825038 50054 696715 410984 292117 711251 358933 278615 489716 522085 715047 877280 830206 533181 0 741874 508318 84651 626833 354950 764213 670245 691803 746808 239249 715799 297708 642188 840205 719203 205852 299548 887146 323081 571261 235571 336271 728126 649732 694882 964027 752356 783030 737410 303727 401170 43550 560669 543035 420738 397683 530990 826775 946232 822876 735919 636745 610042 248430 518402 261569 667229 764937 461383 760581 788866 77169 547511 742663 711108 545924 597036 593822 305945 104699 181132 337411 223602 151917 465864 787986
1034396 684806 329095 146270 405543 375092 593717 553077 245185 482196 291715 1030897 68050 518257 504886 194688 151459 327094 522489 92207 699655 535581 480908 458614 710276 476025 569573 945936 1099535 178250 497108 447450 283957 741874 0 467505 738630 308684 470896 218927 839823 102730 108137 506882 829121 663064 649801 292760 325558 669273 817795 625367 620456 1035341 510002 921967 442750 435346 306067 224871 135630 612800 7492 485050 485878 768227 528347 1035505 402671 415024 225507 521290 257095 590029 556009 136707 201930 616501 252306 495957 873059 608827 294983 629165 62780 698754 317826 188584 482816 854112 324594 648739 595218 652722 858652 936934 740506 814844 889059 447975
630094 221342 147061 335924 590925 552540 212915 176417 660809 134753 303439 629602 534599 67346 71266 546308 440441 182083 61632 506938 493399 195606 567110 283154 290968 157514 541231 497544 671892 329800 371920 329109 490390 508318 467505 0 453651 183514 164922 348464 380239 495626 399770 322648 381686 268278 214994 392146 250382 329230 417479 384323 622211 580975 387680 523540 222863 144212 237403 629526 387103 291223 468322 223598 563388 508210 81817 587535 138930 154929 404989 318463 550435 320447 235569 331991 265584 271134 428673 284439 409926 275132 392585 278942 530282 516833 539013 345993 202805 388411 155366 194682 588007 405265 529046 541872 375114 491868 439375 284290
357929 393282 477302 671969 561805 543236 246549 604601 980798 328673 721443 350244 787148 488061 506876 687313 794910 602050 470256 816998 115680 635217 460759 280055 636290 314958 336692 407985 455688 691605 825470 781038 557168 84651 738630 453651 0 589474 313072 736556 587620 699467 731266 233104 634509 221033 569707 807271 679280 131991 216399 824609 391945 491874 254376 264029 676208 597432 656953 956180 733765 717468 734884 270358 451270 59412 498029 465521 384637 362673 540357 770603 926260 760607 673621 623541 588647 183921 533029 243480 583560 699092 474118 692978 789937 151121 578343 718037 654898 461408 558609 520369 370560 89359 128996 268155 139213 88209 382068 737223
808291 403161 118837 164937 545873 506330 372967 245730 479911 265144 132159 807143 376624 218270 201619 433819 258090 25367 226479 331875 600042 232595 559236 348850 401958 275094 577950 681038 854306 149568 283275 228088 423511 626833 308684 183514 589474 0 276435 165312 534599 362552 224335 401103 520960 437253 341486 219697 93902 480010 592319 365275 653414 763831 446963 699396 162521 129254 68054 448112 207919 320538 311291 323209 558663 637065 226077 770994 206241 229176 327955 266768 367565 314134 259377 186566 121767 420122 360341 369732 569650 312802 348991 330090 370043 615123 473922 163079 188362 566853 31523 343818 620174 522648 684134 717097 537716 643504 622866 199768
564370 265834 167398 374965 471834 436681 123608 339780 699326 35298 408490 561282 530640 222273 233453 487448 496255 289218 208247 535444 334186 360525 426213 124728 432095 10063 382100 485117 629113 387787 523905 475687 395806 354950 470896 164922 313072 276435 0 427676 473530 463624 438344 158400 493337 192557 354429 494881 366533 208804 347043 548806 463302 577697 225888 452056 375520 298193 343887 671449 435813 455488 469085 58680 420969 361798 236163 572633 74564 56624 330686 477869 623440 485128 400491 339754 290831 150666 343000 119933 492375 438968 292065 441008 530069 355057 438469 412369 363723 425900 245537 318380 429369 250269 411413 467661 274517 369583 430890 434283
972595 566319 260369 102302 570920 534054 533725 372652 324949 422351 77069 971222 277652 376795 357712 397855 104994 168107 387256 199116 731713 346614 615668 474326 529233 428223 666872 845634 1019616 60507 278189 229028 441165 764213 218927 348464 736556 165312 427676 0 680231 308594 110820 528100 658063 599730 481212 90271 125445 635745 755846 408986 734118 927294 559737 863031 241395 259871 119788 292198 83461 409507 224773 466239 617699 779677 382353 935443 353570 374554 352338 305836 202273 378791 358500 170739 159947 576445 386967 502659 717817 408680 401052 431328 267438 741571 486847 34347 287689 726966 195353 493305 703366 662525 839056 880475 697187 797234 787466 234002
518418 215495 527292 699243 944927 909047 399924 312162 1005178 440285 612513 524300 907774 322317 334939 925846 783625 520780 320417 865615 684267 345666 896216 590840 176806 463513 829353 310631 495409 682105 543997 538596 859343 670245 839823 380239 587620 534599 473530 680231 0 875345 758550 604302 62003 379985 199863 687175 556932 469910 404810 440072 907429 340524 675571 461353 455612 420363 560804 972421 740301 338984 841524 515972 890169 645052 311600 371013 496457 501603 780128 467808 866666 400372 352943 707574 639671 449149 800496 570010 41899 325885 757124 302092 902221 718632 905474 689948 406250 154976 515523 191134 875774 598443 577253 479019 450054 564233 276098 498132
1016402 702392 349254 218358 307483 279776 586810 607184 317257 481850 375383 1011952 101768 553912 543979 92346 253314 384721 554931 188219 646497 595079 391641 424321 760796 470507 492585 948144 1089303 258302 584359 532176 193279 691803 102730 495626 699467 362552 463624 308594 875345 0 201525 466685 871499 654764 694500 389163 400052 646770 804079 704773 535898 1040029 456315 904548 512536 491780 376360 304228 228458 679832 95258 465211 397587 722254 565707 1036144 404373 411406 160819 600506 357549 663950 620182 175992 242435 599184 177567 463295 905548 673658 231083 692014 110278 640965 220559 275508 547568 871772 370808 686352 513267 610965 824397 918065 720167 780686 892986 526743
1000118 621016 277971 65044 483094 448552 555932 460824 264013 441976 184752 997628 168222 441917 425867 292841 69566 238093 448916 107706 709054 439689 542055 455237 618822 441405 611426 892724 1056854 77839 388979 339618 354728 746808 108137 399770 731266 224335 438344 110820 758550 201525 0 507579 742632 624782 563371 187640 223003 645493 781917 518509 671649 978939 525607 888372 341293 343541 207056 234455 27541 511452 114108 464912 545457 767947 450236 982891 364851 381900 275440 414744 202409 485322 456796 110763 147688 588729 308320 488958 793921 508773 335492 530157 158685 713643 396364 81609 384049 787766 246762 568030 643194 650232 843764 904641 712852 800549 834877 341886
562914 388991 282294 452022 371834 344043 206594 498130 750446 191856 527449 557170 554163 380530 391812 459566 573900 419390 366123 587637 203706 518072 298273 53776 585086 166838 228439 542595 647453 477149 669460 618276 336561 239249 506882 322648 233104 401103 158400 528100 604302 466685 507579 0 632718 250274 508111 607282 494956 200052 365946 704985 309020 636007 71650 454538 523999 449221 468537 726861 513221 613691 502885 100343 291040 261901 394296 621104 202291 179513 308591 629431 707134 641741 557975 397652 371814 175238 304198 38560 616408 597282 244956 599387 557124 214740 366149 505138 517396 526597 373464 468363 275744 145875 357947 465286 272525 314368 497030 579934
580146 249490 527536 685762 961159 924271 432699 285571 982267 458861 587297 585930 897163 318604 327519 927204 762593 504775 320185 848526 726796 315087 919195 614521 134737 483278 860083 372609 557105 665225 500918 500546 869257 715799 829121 381686 634509 520960 493337 658063 62003 871499 742632 632718 0 420999 179491 657434 533123 512487 459943 388477 939369 400974 704356 520942 425506 399929 540074 949337 722781 293660 831351 540143 913658 692782 306155 432277 507460 515296 786256 425475 838102 353790 316135 700064 631928 486264 808748 596945 97997 282548 768658 257802 890877 760401 916705 670593 376109 216010 504951 187011 907001 638978 631645 538868 498876 616425 337180 462627
375425 174036 347329 560236 620057 589984 69403 394308 887870 182919 566053 373197 723189 284741 305836 672411 678552 442576 266820 724981 305829 428066 547808 259144 415257 187050 460166 299839 436592 567587 632459 594056 567509 297708 663064 268278 221033 437253 192557 599730 379985 654764 624782 250274 420999 0 349492 655013 515823 92078 157246 613703 534832 393643 315929 264172 486281 409371 499297 859094 619479 503315 661396 195147 540226 280444 292117 384430 261533 248041 514671 570467 800577 550623 464578 530494 477359 75890 521865 225641 383450 484718 466030 476546 722547 339448 604362 589587 456953 279651 405966 299752 504896 218519 265514 281119 108946 232760 249875 548043
621903 190462 355639 506270 805393 767214 332571 112971 806083 319212 412711 624957 717828 148067 152366 753588 585161 325384 154648 669575 641411 148632 776093 479155 77808 344826 735505 437047 629113 486115 360213 346390 705010 642188 649801 214994 569707 341486 354429 481212 199863 694500 563371 508111 179491 349492 0 487730 357315 438137 447266 287228 816558 496614 578402 535935 256935 221698 362260 773256 543877 173147 652115 408919 771663 628970 134095 517364 350677 362991 618012 284628 666884 232189 164042 521726 453655 394977 642856 469974 239095 155468 607575 138820 711459 671238 753861 492287 207968 284391 326034 50619 782871 550006 603261 555332 450862 576866 385053 303375
1022206 599784 330572 192202 660366 623777 592001 375020 336637 484818 89015 1021616 343275 406660 385464 480333 150023 212441 419986 249436 810031 342573 705891 553644 524087 494094 754982 881443 1061822 150778 217994 179830 530633 840205 292760 392146 807271 219697 494881 90271 687175 389163 187640 607282 657434 655013 487730 0 142677 699689 808350 360881 823251 958453 643147 914985 232064 276333 155748 304098 160948 385431 299423 538438 707869 853089 409163 970124 422661 444881 442495 264323 180930 343509 344293 260940 246467 639812 477085 579553 726817 388701 491079 413162 331863 821804 575697 123690 281545 751970 251192 508528 792205 737084 903810 933072 756965 863064 823640 201930
880367 457539 212731 182530 619909 580868 454808 247564 449184 351960 56732 879954 390074 264592 243752 481598 230427 77337 277530 322035 693311 221206 643025 442752 403804 364322 669007 739107 919148 147394 199602 143671 493344 719203 325558 250382 679280 93902 366533 125445 556932 400052 223003 494956 533123 515823 357315 142677 0 565771 667571 305053 743273 817014 540519 773858 118338 137913 29636 416279 198688 288449 330066 415487 643141 728193 267802 827995 298516 321666 398178 201092 312977 264953 234617 231559 182103 505872 432187 463305 595214 286017 429095 307863 381155 708820 542787 143210 162783 612125 122289 372505 710382 614766 769515 792119 619760 729832 681229 127683
369902 266113 375929 582851 569758 543438 117304 473691 904063 214871 611843 365242 724657 358511 378049 651717 704695 489554 340579 739590 214491 505148 486211 226787 505856 207588 385493 346837 449071 596586 700553 658305 534719 205852 669273 329230 131991 480010 208804 635745 469910 646770 645493 200052 512487 92078 438137 699689 565771 0 165905 693812 456137 439198 254687 258749 551927 473410 545802 877092 644042 585887 666614 184231 477853 190976 367870 422214 283368 264278 495938 642991 832243 629985 543126 543354 498562 59940 497043 188144 470985 567462 438523 561069 725581 248725 565992 621114 527695 359196 448548 389106 428068 129944 204124 271508 74025 164106 306041 613478
218207 257042 504573 717433 734517 708934 226025 517570 1044774 339949 719346 215974 876564 421431 443614 814437 835754 596185 404352 881574 330898 554571 647056 390706 497508 342445 536957 192612 285715 724697 768324 734638 700073 299548 817795 417479 216399 592319 347043 755846 404810 804079 781917 365946 459943 157246 447266 808350 667571 165905 0 729901 600665 280421 418129 107196 626896 552884 652691 1016153 776725 615949 815842 339011 638327 263723 425737 259231 417995 403346 657544 701247 957164 669691 587344 686504 634405 205143 660627 352723 391588 597414 602618 584450 876440 366815 731868 746440 592272 260800 561271 397204 575934 271025 172633 124799 95165 165138 166726 687972
909095 473609 456867 486580 910785 871183 578108 220124 694211 519013 333796 912184 686435 337569 320549 786525 504385 339913 355056 604068 875931 190535 916686 661485 266122 541724 914811 720485 912816 448462 147138 182248 788684 887146 625367 384323 824609 365275 548806 408986 440072 704773 518509 704985 388477 613703 287228 360881 305053 693812 729901 0 994396 771753 766653 822109 202889 261870 330539 662367 491773 114403 630559 607339 915045 882045 326824 796546 507807 528739 693053 104337 529124 64290 151245 535884 480813 641251 725609 667308 481577 132707 712102 148792 676377 900545 839021 437043 190698 562896 375255 334933 960247 786269 877095 841537 721072 846365 670538 178093
742882 692258 542460 636858 260033 268748 507643 798509 853137 498113 759794 734238 637646 684299 693161 474912 740718 676482 671113 712632 278230 814081 148512 339672 893784 472558 81209 792892 844588 674517 936141 881381 343060 323081 620456 622211 391945 653414 463302 734118 907429 535898 671649 309020 939369 534832 816558 823251 743273 456137 600665 994396 0 880614 238168 655564 800659 732847 713993 839443 688282 911982 613832 407646 140791 366615 698506 856270 488095 468706 398460 908862 869069 933205 853300 568586 577944 460799 368645 346754 915816 896611 336396 901152 645999 245989 327754 703226 803773 813447 632634 777367 34246 331158 504203 658461 509488 473240 758773 849732
228576 360975 706849 914262 1007724 979796 457006 602275 1241448 558210 873393 237983 1099371 552577 573264 1064128 1021401 759212 540643 1084973 607542 640815 925083 651784 505954 570205 817346 93872 164930 910683 856701 839385 961093 571261 1035341 580975 491874 763831 577697 927294 340524 1040029 978939 636007 400974 393643 496614 958453 817014 439198 280421 771753 880614 0 693875 244096 740642 682601 810986 1210361 967640 662935 1034803 588557 916580 531316 549340 40925 636449 628633 906568 781242 1127537 724390 660548 898971 837648 463229 915111 616502 303291 647110 859633 625995 1097101 642925 997209 926780 695104 212300 736330 460297 856270 551441 408445 251058 374214 422704 147045 794339
603104 460149 329139 475326 316846 293487 276861 563985 755187 260374 567821 596498 550247 447872 457931 435236 594039 467303 434115 595855 190514 582016 232647 105195 655617 234922 157241 601305 693194 505084 722726 670030 302991 235571 510002 387680 254376 446963 225888 559737 675571 456315 525607 71650 704356 315929 578402 643147 540519 254687 418129 766653 238168 693875 0 498667 580196 507749 512775 733930 534760 678792 505150 169524 224729 267817 461894 676457 259351 237947 295498 687132 727713 704081 621716 414890 400207 240066 283218 108672 687078 662811 225833 666014 554725 189180 324576 533829 577351 594467 421561 539370 204610 165841 383320 507417 323060 341457 558426 633877
112430 349273 611364 824023 814835 792112 332496 614773 1150838 446452 826009 109293 979665 524170 546480 910321 942711 702986 507495 987316 377634 652595 720009 485349 578185 447925 600097 181358 194643 831750 868729 837010 791065 336271 921967 523540 264029 699396 452056 863031 461353 904548 888372 454538 520942 264172 535935 914985 773858 258749 107196 822109 655564 244096 498667 0 729648 656902 759412 1122442 883533 707715 919801 439705 710798 294193 527518 210927 523946 508588 754685 799888 1064356 763661 683602 791808 740758 306123 755421 446492 439728 689430 696673 674602 979922 411429 819706 853596 693285 307295 668389 487236 634589 338934 164936 19434 184788 184478 189162 790249
830317 391429 258669 297890 707910 668314 435150 143972 560140 351344 165884 831214 507941 205547 183301 590077 345899 137192 222547 439721 709637 110511 716231 476274 292780 370322 722471 669944 857006 265113 149353 107943 586033 728126 442750 222863 676208 162521 375520 241395 455612 512536 341293 523999 425506 486281 256935 232064 118338 551927 626896 202889 800659 740642 580196 729648 0 78776 137056 527153 317001 170248 446981 431815 714984 730085 202451 756176 321967 344514 490464 108276 412598 152813 117133 339140 280279 493997 522835 488094 495654 167755 509592 189987 499206 730276 636436 261430 49486 530212 173067 282448 766770 624012 750145 748677 594734 713895 613495 61790
