NAME : TSP_INST
TYPE : TSP
DIMENSION : 100
EDGE_WEIGHT_TYPE : EXPLICIT
EDGE_WEIGHT_FORMAT : FULL_MATRIX
EDGE_WEIGHT_SECTION
0 293296 425168 628489 532058 563267 567452 394681 159848 440637 276244 495512 330623 462240 631707 789816 175458 410955 447923 379147 662371 258254 433386 320385 75520 508594 302212 543429 441703 37922 572315 336801 414496 724950 477894 345844 713674 279855 490531 451155 425035 771690 339385 621454 305424 72522 412456 393170 547999 441643 47635 465422 668619 598635 689028 413794 297106 215282 398719 196602 318602 746996 275666 402430 410770 793472 280507 196415 315875 88740 331873 404724 198903 218504 636843 484013 770611 592202 503439 481554 730898 343084 630717 700028 721717 635245 568169 628260 647853 242527 672733 360830 235043 668131 717347 736141 456306 306926 398743 467718
293296 0 713451 729218 290195 273628 423742 284385 435053 301098 535715 488408 437750 181412 547582 527400 274566 400259 429154 512221 680200 359482 202561 447604 361632 294191 375138 340357 288173 257644 489752 326947 496957 447542 311966 213105 476761 13989 216862 213818 466549 836212 55715 635074 292120 348456 678429 312972 643766 294482 282400 179697 517858 306600 411709 453430 530217 507286 130316 485195 590503 512575 351340 691701 271171 522339 568484 392343 181882 259139 273605 111687 491002 489052 706018 776531 509770 442754 606525 241318 528199 613412 491456 471651 486229 749417 325307 502325 402668 358410 577282 376739 60929 375941 797454 475550 164120 597642 265048 322371
425168 713451 0 793983 906065 973613 952895 711077 339192 838118 342519 807671 601872 886999 975406 1212609 487175 748011 664948 595474 916156 478395 855351 575963 372438 866739 619316 954353 772708 462966 808510 603537 672111 1150081 808418 694966 1130113 699586 915698 873570 717514 952625 753687 887459 677511 365003 329159 773798 743008 768310 431134 889463 1049110 1012130 1114174 711757 266616 239663 801745 273179 296719 1161956 604391 24578 741492 1217905 145085 373604 729236 459213 639623 822757 251850 234376 840014 89306 1193161 885360 704077 903687 1133592 140653 1008086 1113881 1137531 780430 939297 892853 1067843 558075 1019208 589174 657961 1089304 889041 1158865 877571 119895 799683 864203
628489 729218 793983 0 1016167 941243 520176 975451 535005 521556 463474 288928 306346 764498 409274 888300 798733 348278 1067407 249381 194877 886714 659371 309978 587193 1023341 359153 627811 1001506 622555 1176227 951936 233387 901336 1031434 908837 767777 725562 757597 672443 266936 158893 781329 204337 438456 674602 478796 454997 85773 1005449 675466 781409 553432 951870 877580 279417 862562 604935 855407 576762 498137 779216 386090 772855 976844 922324 721783 813271 563129 711017 929559 799936 604492 752617 76125 775510 870603 1161170 127235 683765 692054 825637 520416 739083 768307 36367 1049635 1212816 755932 398382 439183 983750 686233 950075 95974 848260 807747 712403 524973 525666
532058 290195 906065 1016167 0 172352 637245 221560 690058 541849 801568 760648 727937 301483 783037 562733 418911 677766 367149 802360 950331 447240 401269 737577 607412 59172 665020 519086 162655 504855 331926 337568 785387 455697 143556 212608 575077 296555 333146 398766 750779 1114898 235823 905732 577711 562153 942037 579381 931204 171505 501500 283203 711151 209787 430062 737881 668036 741503 160984 727300 849449 607976 641502 888192 184648 534543 769003 536378 455736 462161 282078 223555 725363 671831 988285 982917 552495 222870 895157 409034 666707 780886 697691 584990 585008 1037678 36437 292122 504084 647654 803279 378753 342771 317402 1080171 526199 242885 803555 517522 554686
563267 273628 973613 941243 172352 0 504054 361725 708647 431993 808281 665716 678448 178535 655932 390412 499164 593307 520939 754668 847451 554655 286613 694025 633971 227385 612513 378009 314829 529114 502777 466148 720719 283656 306511 323819 407408 285973 195998 277423 675126 1020664 223928 804510 513084 611349 950982 487503 859413 324474 545560 160673 565241 43455 257723 663168 761916 778456 173287 757685 863905 439133 593851 953124 326589 363058 830142 623219 384177 514487 404751 163978 762093 742216 902510 1041972 380171 394734 828714 277193 504662 861719 558000 419781 417168 967100 180175 463829 339476 611997 669893 513775 334522 149901 993726 354258 134759 861549 418746 438087
567452 423742 952895 520176 637245 504054 0 705889 613904 131112 646668 237795 391861 336445 153319 368603 656013 230676 852620 446637 372316 753710 238733 419805 591724 669556 347338 128486 699338 534276 907241 747063 370966 386386 715316 635571 248793 430662 309456 238808 305960 551911 449306 336188 275445 639943 761863 179344 457237 707093 591914 355079 101586 497793 366922 301548 863648 713268 501436 680005 710202 264320 354701 928348 688131 402178 820642 745858 267099 597660 696634 421869 701198 782513 459518 984126 350614 839947 446735 229430 194549 902546 68166 220768 250266 553923 661592 905732 238719 400278 166539 795248 425902 461728 541771 328210 394510 835418 173746 105191
394681 284385 711077 975451 221560 361725 705889 0 552067 585407 669956 762054 670232 408421 831906 733866 238038 671231 162745 736788 952631 236028 473938 671426 467158 168223 616972 611105 63356 379956 207142 117348 743245 633419 97536 71613 716827 280019 447835 480342 726010 1097933 258027 907659 555638 400223 801545 593505 890038 57589 352581 395383 796792 404858 602128 712840 459084 580153 226071 573719 706801 752349 589584 695643 36980 714153 582940 337629 462836 308913 71738 304158 565118 481203 963908 793197 720054 197527 848626 502318 788622 578491 772944 719051 726865 990159 246784 238831 641240 579644 861572 157292 302366 510908 1053119 689176 357012 619151 549267 606194
159848 435053 339192 535005 690058 708647 613904 552067 0 501680 118237 478617 278172 587290 640581 890500 322162 411789 588456 295742 612625 385374 536066 256315 85075 668153 283737 622045 600886 185317 720549 483775 357993 838965 637247 505452 800150 422703 609698 554834 392120 689243 486022 577637 338729 162352 252706 435053 464183 600526 199487 593848 709924 741113 803810 384376 328000 99597 550806 66102 159394 830588 266561 314620 569713 900747 214906 291336 402848 243164 486750 546021 88938 218954 560416 374334 870675 749249 420116 583786 796670 311348 668939 782046 806991 533857 726328 782079 742228 220581 684137 499766 374244 800498 629492 837034 591802 223554 464811 527260
440637 301098 838118 521556 541849 431993 131112 585407 501680 0 549574 236462 318278 253825 247608 413021 524946 179616 727361 386100 415553 622787 145641 343596 470658 566784 260684 129518 584537 406350 789825 619623 325372 395246 603822 514202 307026 306476 239564 155007 266644 589166 333573 372520 167633 513119 675617 80442 445312 591694 462817 272214 232238 436238 366617 257307 735381 599686 393880 567372 613630 334012 259303 813722 570515 435242 701902 615527 136076 467114 571157 319127 586572 657659 475122 875549 393178 731844 422628 162572 295477 779591 198570 285326 312454 551007 570047 795437 263645 300943 276184 667078 297155 428605 565080 363073 306066 719183 42788 27091
276244 535715 342519 463474 801568 808281 646668 669956 118237 549574 0 472783 267628 673873 645328 954815 440234 424748 704833 253095 573783 500084 609411 240044 202814 782315 299675 676627 717942 297906 838208 601534 331395 913680 754132 622006 855733 524309 691857 628210 381275 621922 588983 545007 381960 278923 142728 474558 404416 717814 317457 682583 735695 838179 879555 377148 412351 145537 657138 123898 64062 883546 292840 319341 686956 969742 258521 400855 472866 361161 604952 644387 149131 302596 502137 348541 934819 867260 363731 655337 837603 362399 693848 834829 861589 455665 837969 900308 804535 248922 689112 616118 474956 889238 559448 902279 685429 249584 518067 572837
495512 488408 807671 288928 760648 665716 237795 762054 478617 236462 472783 0 206081 487219 175347 605562 636187 91585 882050 234018 191792 734216 379551 232940 488747 777192 198581 338992 775169 473501 969016 767005 150596 612950 800284 691167 486403 488534 475703 390687 91685 355843 534035 146667 209425 561373 564014 181463 220179 780825 534573 505073 293972 672082 588739 95997 782278 574782 603796 540849 531708 501794 222070 783441 755297 637273 693394 691599 307895 557162 730621 537947 566635 683363 238697 821289 587178 931145 209385 398876 424028 788876 254596 458541 488046 320703 791623 989795 468621 263243 218400 807963 459792 663101 328735 562982 535651 698976 247436 237820
330623 437750 601872 306346 727937 678448 391861 670232 278172 318278 267628 206081 0 512439 377701 730905 495373 162185 761850 76221 338269 586662 420760 28369 303785 728681 66068 447277 698848 319826 869996 646117 84406 710045 730013 604750 621193 431967 517079 437824 115719 442048 492401 300964 169270 386078 370734 237855 222064 702303 376008 526521 473994 697377 679313 110088 595882 371328 567495 337731 328095 644783 86508 577714 673139 753440 491263 523545 295870 408586 623253 523346 364323 491443 306703 615758 711139 858563 179112 458606 586196 589479 432173 597032 625536 319929 762896 908332 581915 92216 421484 679180 388623 720109 389972 681332 544107 494739 298894 336308
462240 181412 886999 764498 301483 178535 336445 408421 587290 253825 673873 487219 512439 0 484843 347420 454718 416230 568816 588197 669377 534886 108218 530637 523481 337918 446470 218146 385587 424753 593963 482438 547898 266489 394218 346265 309966 195145 39701 100589 499450 842147 165002 626229 343885 523565 814685 309817 683618 394473 458460 18794 410449 187796 230557 487832 711615 669835 183687 644176 733771 345820 430811 864513 382275 340955 741994 573690 216957 438922 422623 104396 653961 667384 724330 945349 330383 511579 654473 107555 381587 792535 396209 310763 319909 791167 325148 579392 234190 455262 502878 533397 230158 215516 815407 296610 58877 769163 240547 261362
631707 547582 975406 409274 783037 655932 153319 831906 640581 247608 645328 175347 377701 484843 0 494265 749000 229017 969879 409269 235510 848311 381775 405432 638584 811655 356924 281800 832144 603775 1037051 859314 325669 529296 851225 760466 374176 552079 460389 384998 266321 412156 581167 208108 326526 701973 739360 248999 363694 839281 664647 503623 146172 650819 513403 268795 926934 738967 640045 704890 705382 379169 374937 950976 817868 533211 854978 822835 372395 679295 814019 563091 729470 834455 339526 993227 478454 978705 367084 379468 285801 946446 120132 344915 372667 445188 809024 1042772 382053 420257 43862 904979 537324 613879 411694 461751 541734 863557 282676 230063
789816 527400 1212609 888300 562733 390412 368603 733866 890500 413021 954815 605562 730905 347420 494265 0 801740 581659 896581 796389 729208 881983 357264 756546 840862 617251 673534 283654 696573 751936 892405 821980 728604 108230 693492 680508 120857 540776 310563 339059 665186 906378 511099 697931 576334 856765 1085866 493221 825554 706181 794140 353400 351285 354624 133263 658441 1055829 982835 511437 953330 1018419 118282 670424 1189100 702216 46251 1069308 919199 487653 779900 760567 444054 967990 1003658 825481 1262145 20002 784531 813086 308928 219133 1129484 374546 149968 121617 922336 567470 853357 150498 709466 481318 872580 569866 252974 903907 53745 384319 1092922 438516 394782
175458 274566 487175 798733 418911 499164 656013 238038 322162 524946 440234 636187 495373 454718 749000 801740 0 546144 272491 550335 815243 99330 467411 488842 239467 381312 456386 598999 294496 176178 398975 162326 577060 718691 331314 208970 748831 261473 491197 481598 577509 937159 295752 772294 430093 163891 566727 500266 716396 291949 128172 450719 756608 540421 683240 565208 263386 342293 326119 337242 472139 784368 428356 469333 262527 795201 351229 124131 388916 88117 168331 366850 327428 252925 801595 564617 784246 431702 672347 510918 790561 365111 723444 741630 758064 807396 452377 460561 675790 403797 786427 185899 240927 630066 885158 750075 426942 386524 482531 550941
410955 400259 748011 348278 677766 593307 230676 671231 411789 179616 424748 91585 162185 416230 229017 581659 546144 0 790474 217026 281489 644582 311441 190447 411261 691498 128695 301212 685688 386737 878054 675475 147427 573380 711561 600544 467537 399642 409997 325106 87032 437404 447711 236457 117886 478975 532919 106966 268420 691137 448032 433212 312163 603615 545660 77994 702413 510509 519072 476450 487009 488671 145947 723507 665195 608197 625999 605949 222265 468595 639099 456923 500719 607133 311398 769724 562297 842524 243340 338531 425225 717662 270293 441927 471011 375518 709742 900299 436192 191297 272422 716638 369238 605949 403278 534553 460439 635049 177145 190449
447923 429154 664948 1067407 367149 520939 852620 162745 588456 727361 704833 882050 761850 568816 969879 896581 272491 790474 0 820476 1068527 207082 627183 757635 508931 308574 716982 765443 207048 446661 143940 116136 841156 795744 224238 223171 878205 421962 608430 635247 834184 1201153 412395 1024296 672640 426182 821581 724624 983865 197562 400503 556515 946902 563541 764702 821348 398642 589034 388039 592056 728841 913860 688824 654295 195201 876482 558049 316233 597487 360247 156205 464432 576407 456749 1065614 752676 882799 236067 940404 658912 946880 524839 920480 879546 888215 1077597 384436 229297 802495 669643 1002386 88719 432576 670753 1151481 851894 518871 594587 688569 750041
379147 512221 595474 249381 802360 754668 446637 736788 295742 386100 253095 234018 76221 588197 409269 796389 550335 217026 820476 0 322159 637395 495095 65787 339578 801608 142210 513573 768090 374299 933578 705632 83737 780380 800045 672940 683905 505975 592041 511845 145228 396856 567181 291994 244508 426253 330317 305987 171019 771145 426217 602446 520705 773459 750404 146569 622784 378418 642265 346773 306146 705614 161998 572104 741543 820843 499060 565024 371873 462386 686716 599341 374557 514565 265331 598257 776808 927554 126255 531690 640859 601024 479510 658664 687630 257159 837522 975487 648799 158004 451996 735845 461598 794768 339794 747952 620308 496898 370238 401968
662371 680200 916156 194877 950331 847451 372316 952631 612625 415553 573783 191792 338269 669377 235510 729208 815243 281489 1068527 322159 0 911369 561175 356978 641800 968332 360789 494892 966804 645546 1159328 952826 255184 758207 992067 882019 608714 680273 653503 570101 238163 179598 725542 45135 397556 722357 626865 371266 187876 972381 705148 687736 381303 850003 739232 250176 934093 699783 794666 667511 622457 614646 388227 893108 946623 767278 820588 858075 499486 732474 918992 727011 695070 828908 118795 912878 713017 1122936 217092 573667 520721 921759 354668 579462 607602 230737 980610 1181438 610321 420232 256787 991954 650727 828967 176895 694902 720701 819052 433714 410322
258254 359482 478395 886714 447240 554655 753710 236028 385374 622787 500084 734216 586662 534886 848311 881983 99330 644582 207082 637395 911369 0 558166 578014 309714 400027 551277 692266 299103 267272 347311 125159 669558 793805 333392 237016 836240 347376 572894 571314 673280 1028630 371038 868837 528995 223505 614546 599532 805846 293605 211317 528671 853917 597486 759045 661193 223108 381970 386332 385324 522032 872042 523470 464451 269345 872142 358442 111167 486716 179084 166806 439933 369334 255727 893366 562856 865208 408229 761392 599860 883233 343298 821357 830691 845696 893360 476882 422654 762058 496192 885645 119776 333635 694166 975113 831496 500540 395176 580562 648539
433386 202561 855351 659371 401269 286613 238733 473938 536066 145641 609411 379551 420760 108218 381775 357264 467411 311441 627183 495095 561175 558166 0 441540 483696 431192 355886 138414 462604 395626 671412 528758 448083 304412 477189 405558 284095 212921 98812 18844 396332 734079 215962 518011 251825 501683 746382 204488 579760 470670 440821 126573 323663 292989 270144 385230 708792 626503 262945 597681 671764 318924 344121 831837 453396 364822 712208 576385 136631 431290 473474 183143 611449 649218 617272 905642 337815 601220 552501 48336 325911 774918 303008 274703 292866 686958 427735 667157 214984 374971 403153 578893 226635 299774 708072 303519 161387 735658 134400 154468
320385 447604 575963 309978 737577 694025 419805 671426 256315 343596 240044 232940 28369 530637 405432 756546 488842 190447 757635 65787 356978 578014 441540 0 287919 736136 85797 472899 702348 312684 869018 642384 101845 733666 734263 607296 647673 441057 536858 458935 141805 451449 502779 321334 189758 372278 342494 263326 227862 705439 366745 544189 502341 714251 702516 137131 577743 347434 577811 314130 300082 671665 100249 551901 675881 778392 467835 510597 313683 401280 622114 536903 341093 471953 317075 588424 736732 861844 183566 480598 614035 567075 460514 623776 652158 320470 772878 910047 607183 92232 449172 673773 396247 740143 397100 706620 560187 470161 322533 362332
75520 361632 372438 587193 607412 633971 591724 467158 85075 470658 202814 488747 303785 523481 638584 840862 239467 411261 508931 339578 641800 309714 483696 287919 0 584078 290283 582954 515819 105180 638435 401703 387878 781966 552197 420483 757845 348642 549125 502088 409593 736343 410183 603353 319023 88152 337195 413084 510588 515451 114653 528263 691175 668152 746300 399778 294046 146545 471981 123714 243158 789942 267137 348628 484638 847565 231953 226205 356918 158358 402351 473304 130536 195923 603580 423060 821316 664447 465806 532005 765389 311186 651550 742045 765355 590288 643560 698152 695465 225972 681115 420544 301716 733333 679191 787127 522396 252546 430666 497330
508594 294191 866739 1023341 59172 227385 669556 168223 668153 566784 782315 777192 728681 337918 811655 617251 381312 691498 308574 801608 968332 400027 431192 736136 584078 0 667701 555873 106634 484409 275393 285469 790776 510970 84543 172343 623833 297936 372527 430967 760457 1128700 243851 923396 586133 532027 920853 597278 937824 114888 474335 320492 748122 266622 484148 747374 622529 712959 173960 701047 827193 657466 642877 849745 132077 590433 732539 494370 469587 433121 233326 248585 697065 633384 999615 945719 606321 174598 900142 444477 711693 738390 732100 632150 633845 1043142 78670 243428 551345 644788 834317 324209 340101 374721 1091218 579036 279164 767788 539045 581821
302212 375138 619316 359153 665020 612513 347338 616972 283737 260684 299675 198581 66068 446470 356924 673534 456386 128695 716982 142210 360789 551277 355886 85797 290283 667701 0 390200 642380 284817 819465 600855 126275 648341 672546 549812 566744 370063 451626 373206 122878 484350 429222 319336 104060 365068 417088 181237 273465 646297 344391 460480 436343 631309 616982 111604 584095 382067 504237 347993 362977 592017 28181 594814 617725 694285 498410 498483 229815 372205 573720 458124 372580 484804 349011 641997 653646 802072 233416 394805 539645 591780 394559 543720 571655 376337 699683 853815 523651 64741 400559 636812 328396 654813 436703 623037 478108 506650 237490 280915
543429 340357 954353 627811 519086 378009 128486 611105 622045 129518 676627 338992 447277 218146 281800 283654 598999 301212 765443 513573 494892 692266 138414 472899 582954 555873 390200 0 596678 506890 805852 667006 448633 274475 608762 543413 179199 350153 186567 130771 386850 674034 353589 456171 295229 614713 804511 209573 557326 605067 558288 236061 192305 369901 249769 378976 830455 718254 394730 686905 740602 208568 388255 930200 589272 307414 814843 702436 227644 554721 611888 313381 704384 761905 573117 996333 263866 729004 539588 111702 191725 886292 180261 160002 185426 659660 541154 796336 135285 428872 292296 717021 358716 334752 659107 234391 277022 834653 158748 111622
441703 288173 772708 1001506 162655 314829 699338 63356 600886 584537 717942 775169 698848 385587 832144 696573 294496 685688 207048 768090 966804 299103 462604 702348 515819 106634 642380 596678 0 423280 209177 180338 768251 593363 36884 97135 688725 286842 423932 466620 746092 1118091 251103 921677 572954 453780 852248 601142 915773 9665 402129 370664 786104 357046 563662 732877 522207 634790 202517 626505 757643 723689 615737 756873 31976 673935 642827 399103 470013 358929 133285 283827 619426 541670 985485 854087 683851 159747 875565 485732 767085 641015 765098 693316 698805 1018103 185253 214634 613881 610123 859310 217623 317923 464726 1075836 654250 330301 678811 551177 603360
37922 257644 462966 622555 504855 529114 534276 379956 185317 406350 297906 473501 319826 424753 603775 751936 176178 386737 446661 374299 645546 267272 395626 312684 105180 484409 284817 506890 423280 0 565297 332773 402349 687120 458852 326425 676340 244410 452763 413346 407424 761865 305225 603671 277326 107843 437271 362021 540336 423965 61312 428205 635680 563765 651208 395654 329372 249694 366915 228756 344653 709793 257331 440153 393094 755552 318383 219572 279590 88769 320939 369288 233387 255163 626439 520986 732746 577055 496217 443761 695069 380215 598339 662972 684441 631434 541162 616526 610203 228943 644154 361549 198600 631558 709253 698268 419911 344521 364145 433440
572315 489752 808510 1176227 331926 502777 907241 207142 720549 789825 838208 969016 869996 593963 1037051 892405 398975 878054 143940 933578 1159328 347311 671412 869018 638435 275393 819465 805852 209177 565297 0 236805 945501 786346 201434 278547 893507 486231 631850 675723 931080 1302392 458004 1114409 762005 559559 959501 800432 1091298 200835 526084 578551 995035 541573 759203 917957 542000 728281 411539 729226 865897 927956 791710 798108 219399 865812 701611 457921 669574 483576 246905 492916 715071 599956 1167786 896424 881146 130294 1049045 694885 975002 668205 973433 899521 903579 1189249 335676 93298 819422 778327 1065595 227576 509465 649327 1256165 853230 537727 738204 754754 809674
336801 326947 603537 951936 337568 466148 747063 117348 483775 619623 601534 767005 646117 482438 859314 821980 162326 675475 116136 705632 952826 125159 528758 642384 401703 285469 600855 667006 180338 332773 236805 0 725132 726208 212331 143510 791910 318100 522024 538622 718139 1085058 319409 908693 557591 323192 724667 612465 868173 173615 290030 472436 843441 509602 693144 705322 345681 495419 311317 494298 630592 827855 572699 589580 153504 806444 482115 234008 487333 248224 61990 379780 481568 379352 949536 687943 806769 283780 824846 564262 852865 467851 815185 790577 801768 962621 363911 303065 716245 553901 892975 50959 322773 612599 1035572 774406 438156 518788 579748 643219
414496 496957 672111 233387 785387 720719 370966 743245 357993 325372 331395 150596 84406 547898 325669 728604 577060 147427 841156 83737 255184 669558 448083 101845 387878 790776 126275 448633 768251 402349 945501 725132 0 720260 798058 676013 613406 492847 546719 463423 65085 360326 549850 219713 209293 470483 414055 248060 147614 772284 459454 563600 440213 735447 691986 70214 679135 447667 624412 414722 387167 633167 153809 648357 743839 755581 568365 607900 337351 490961 699468 572719 441952 573725 224696 678866 709334 927871 109786 479959 563931 668321 399469 587190 616478 252465 819406 980012 583608 173424 368299 759691 452917 746681 310869 681867 586057 569279 316700 337678
724950 447542 1150081 901336 455697 283656 386386 633419 838965 395246 913680 612950 710045 266489 529296 108230 718691 573380 795744 780380 758207 793805 304412 733666 781966 510970 648341 274475 593363 687120 786346 726208 720260 0 588588 583392 172336 461378 234686 285579 659887 937669 423748 722572 546214 788495 1049776 474606 831774 603011 723960 268301 397021 246824 36016 651375 977617 926949 414917 899278 976154 190779 640828 1127181 600705 80738 1005432 839200 440820 705374 664366 353899 911498 933323 844314 1205026 101746 676938 813758 258492 284478 1058687 410440 197768 179042 933625 459565 745640 147892 675582 524897 776332 496061 144981 927968 86991 293277 1031325 411199 383042
477894 311966 808418 1031434 143556 306511 715316 97536 637247 603822 754132 800284 730013 394218 851225 693492 331314 711561 224238 800045 992067 333392 477189 734263 552197 84543 672546 608762 36884 458852 201434 212331 798058 588588 0 132430 692075 311923 431509 479861 774093 1145672 270680 946934 600292 490633 888799 624335 945664 40109 438686 378287 799609 347370 560242 760885 556329 671665 214429 663292 794226 726552 646216 792795 68842 668723 679225 434861 493594 395565 168798 295482 656293 577880 1013746 890167 681612 130975 905928 497212 774350 676025 780197 698187 702147 1048693 160585 191654 618016 642043 877085 246004 346016 455619 1104454 653042 337187 715270 571946 621593
345844 213105 694966 908837 212608 323819 635571 71613 505452 514202 622006 691167 604750 346265 760466 680508 208970 600544 223171 672940 882019 237016 405558 607296 420483 172343 549812 543413 97135 326425 278547 143510 676013 583392 132430 0 656110 208469 385949 412861 656846 1028976 189840 837000 485504 362243 757474 521943 823232 98818 307699 334636 727450 367227 550693 643651 455821 543570 169074 533550 663056 691889 522747 677696 68649 663804 560198 323897 391230 265094 81546 242063 527907 461263 895399 773452 665752 254925 782383 435983 723732 568393 702859 656773 666083 924500 244659 304003 580337 515159 790386 193043 231376 469297 985081 633886 298299 595457 477801 535258
713674 476761 1130113 767777 575077 407408 248793 716827 800150 307026 855733 486403 621193 309966 374176 120857 748831 467537 878205 683905 608714 836240 284095 647673 757845 623833 566744 179199 688725 676340 893507 791910 613406 172336 692075 656110 0 488950 270266 268289 549272 786319 472858 577121 474047 783503 982615 385510 706030 698010 723999 321692 233100 380908 171997 543206 992878 895527 490795 864612 919729 35977 566324 1106127 688845 159215 989134 860143 400927 715382 732471 414050 881367 931193 704649 1174193 104313 797209 694778 238326 112158 1056534 254190 29265 10080 801961 587221 866467 75779 607656 363176 842857 509351 299210 783144 90829 359927 1010244 337946 285832
279855 13989 699586 725562 296555 285973 430662 280019 422703 306476 524309 488534 431967 195145 552079 540776 261473 399642 421962 505975 680273 347376 212921 441057 348642 297936 370063 350153 286842 244410 486231 318100 492847 461378 311923 208469 488950 0 230305 224807 464081 834610 65127 635139 289680 334584 666984 314861 639980 292793 268505 193627 525709 319510 425527 450920 516472 494097 138115 472273 578630 524714 345738 677868 268515 536019 554637 378740 183696 245154 266007 124902 477797 475066 703751 762876 523072 442882 602213 252763 538804 599425 498559 483407 498368 745207 332026 501377 415103 351185 582521 367533 49452 389761 794998 488810 178002 583882 269404 328412
490531 216862 915698 757597 333146 195998 309456 447835 609698 239564 691857 475703 517079 39701 460389 310563 491197 409997 608430 592041 653503 572894 98812 536858 549125 372527 451626 186567 423932 452763 631850 522024 546719 234686 431509 385949 270266 230305 0 85234 495113 828492 204032 611183 347810 553817 831399 303035 678392 432910 489395 53302 378143 196743 198691 484038 746239 694914 222630 668238 752802 306124 438107 892915 421313 306540 770932 608972 225344 471864 462291 144000 679242 698897 714097 971949 293078 546810 651312 81197 343202 824402 366442 271235 280208 785483 354604 615042 194491 465869 475878 572983 261928 203336 804437 259008 94361 797195 232854 243249
451155 213818 873570 672443 398766 277423 238808 480342 554834 155007 628210 390687 437824 100589 384998 339059 481598 325106 635247 511845 570101 571314 18844 458935 502088 430967 373206 130771 466620 413346 675723 538622 463423 285579 479861 412861 268289 224807 85234 0 410621 744172 223026 527358 269178 519099 765071 218203 593525 474888 457828 119345 319777 281418 251352 399743 724941 645102 265446 616361 690587 303419 361928 850096 458634 346140 730278 591856 155390 447442 482461 184565 630016 666535 628957 924197 319681 602347 567044 30502 314563 792287 301336 260033 277239 700491 424077 668885 198025 393276 404531 588997 241291 283549 719414 285319 156737 753920 148027 160941
425035 466549 717514 266936 750779 675126 305960 726010 392120 266644 381275 91685 115719 499450 266321 665186 577509 87032 834184 145228 238163 673280 396332 141805 409593 760457 122878 386850 746092 407424 931080 718139 65085 659887 774093 656846 549272 464081 495113 410621 0 372168 517144 196458 174447 486988 473677 192635 184297 750821 467219 515951 375870 687207 632470 13215 703569 486618 590469 452883 440024 568550 150093 693383 723467 693018 606156 621212 296379 494334 687451 533175 479195 601698 239732 729813 646036 904819 156625 424997 498850 703348 334910 522823 552169 291974 783803 959819 521335 184416 309689 755847 428250 692412 330932 619090 541218 610297 262653 276847
771690 836212 952625 158893 1114898 1020664 551911 1097933 689243 589166 621922 355843 442048 842147 412156 906378 937159 437404 1201153 396856 179598 1028630 734079 451449 736343 1128700 484350 674034 1118091 761865 1302392 1085058 360326 937669 1145672 1028976 786319 834610 828492 744172 372168 0 884851 218364 545380 822550 634919 536977 225892 1122907 817680 860205 556263 1025235 918829 385375 1017241 762387 956476 733553 656991 790649 512458 931611 1095631 945271 879961 961245 659664 850614 1057567 893032 761384 907806 135631 932431 890607 1276531 270605 749593 694595 983755 532161 757055 784802 174474 1146474 1331963 789777 533363 428087 1120011 800173 1007565 63782 873376 891405 871097 603167 586176
339385 55715 753687 781329 235823 223928 449306 258027 486022 333573 588983 534035 492401 165002 581167 511099 295752 447711 412395 567181 725542 371038 215962 502779 410183 243851 429222 353589 251103 305225 458004 319409 549850 423748 270680 189840 472858 65127 204032 223026 517144 884851 0 680508 343152 389492 731597 355369 696111 258463 323366 157701 538874 259676 388615 504116 557387 554534 75097 533889 642739 508828 405912 732573 238827 501388 609306 418042 226150 295198 261130 71330 538173 525294 755971 819742 494554 400020 659576 246603 535012 647833 515805 471168 482663 802261 270517 462314 397345 413934 608243 370290 114520 337911 847658 461090 131194 639786 301277 352269
621454 635074 887459 204337 905732 804510 336188 907659 577637 372520 545007 146667 300964 626229 208108 697931 772294 236457 1024296 291994 45135 868837 518011 321334 603353 923396 319336 456171 921677 603671 1114409 908693 219713 722572 946934 837000 577121 635139 611183 527358 196458 218364 680508 0 352809 682642 606495 326490 177467 927263 663633 644504 354066 807850 702480 208023 896528 666949 749787 634207 596139 585016 346423 864096 901536 734818 787737 817532 454423 690135 874394 682513 661536 792398 131872 887770 681219 1077806 198572 531784 493642 888002 324381 547963 576559 240680 936170 1136311 574872 380035 235314 948170 605684 789263 206175 661781 677017 787651 389564 368316
305424 292120 677511 438456 577711 513084 275445 555638 338729 167633 381960 209425 169270 343885 326526 576334 430093 117886 672640 244508 397556 528995 251825 189758 319023 586133 104060 295229 572954 277326 762005 557591 209293 546214 600292 485504 474047 289680 347810 269178 174447 545380 343152 352809 0 376328 509649 96325 353597 577968 338342 358476 373110 529986 514307 161314 601657 437938 416983 404816 446012 501587 94750 652973 551204 594840 545711 496658 128909 355169 521693 363428 425764 513084 414071 710749 556354 731159 318801 291168 459325 630140 332947 452875 479748 460484 611258 787186 425877 133645 367316 598854 255118 550882 505378 524825 378334 559990 137827 191399
72522 348456 365003 674602 562153 611349 639943 400223 162352 513119 278923 561373 386078 523565 701973 856765 163891 478975 426182 426253 722357 223505 501683 372278 88152 532027 365068 614713 453780 107843 559559 323192 470483 788495 490633 362243 783503 334584 553817 519099 486988 822550 389492 682642 376328 0 402844 465248 597090 452179 66200 525240 741072 648805 752490 476360 225362 181333 441698 173580 308293 817151 339722 343404 421934 858755 220118 138771 387427 100133 331783 457962 165750 147691 689057 430623 837761 595333 552293 549585 802835 273246 703064 770502 791699 678208 597446 624111 716588 302669 743375 337472 293663 724307 766045 803218 512576 250335 471167 540203
412456 678429 329159 478796 942037 950982 761863 801545 252706 675617 142728 564014 370734 814685 739360 1085866 566727 532919 821581 330317 626865 614546 746382 342494 337195 920853 417088 804511 852248 437271 959501 724667 414055 1049776 888799 757474 982615 666984 831399 765071 473677 634919 731597 606495 509649 402844 0 597617 441957 851514 450120 823878 844456 980692 1016188 472838 485373 233419 799333 230385 94746 1008715 416325 311686 820822 1103065 306972 507950 609818 493396 734254 787068 245292 384521 534381 297849 1065874 997745 409835 791324 955638 401636 802696 960261 987868 460597 978376 1026725 935371 376419 782245 733542 617651 1030190 571179 1034049 827618 281881 647390 697208
393170 312972 773798 454997 579381 487503 179344 593505 435053 80442 474558 181463 237855 309817 248999 493221 500266 106966 724624 305987 371266 599532 204488 263326 413084 597278 181237 209573 601142 362021 800432 612465 248060 474606 624335 521943 385510 314861 303035 218203 192635 536977 355369 326490 96325 465248 597617 0 375363 607379 421655 327054 278092 496908 445204 182117 690272 534250 423479 501141 538566 411099 182157 749265 583371 515680 641346 578657 131189 432807 569670 356497 522015 605424 415246 806735 473414 754682 349233 232519 363934 724202 238705 362677 390475 482479 610190 815200 344061 225752 286245 657227 293085 499858 506751 443478 355634 656122 70192 99697
547999 643766 743008 85773 931204 859413 457237 890038 464183 445312 404416 220179 222064 683618 363694 825554 716396 268420 983865 171019 187876 805846 579760 227862 510588 937824 273465 557326 915773 540336 1091298 868173 147614 831774 945664 823232 706030 639980 678392 593525 184297 225892 696111 177467 353597 597090 441957 375363 0 919744 594548 700201 502290 871320 806501 196298 792090 540770 770348 510818 446498 720226 300523 720830 891187 857449 659962 735847 479310 629022 844784 715973 538726 683049 97784 732854 807259 1075424 44798 606398 638087 763296 466151 677911 707377 107699 964849 1127228 688442 314277 398996 900850 600480 873592 169362 783155 725425 653776 445553 451691
441643 294482 768310 1005449 171505 324474 707093 57589 600526 591694 717814 780825 702303 394473 839281 706181 291949 691137 197562 771145 972381 293605 470670 705439 515451 114888 646297 605067 9665 423965 200835 173615 772284 603011 40109 98818 698010 292793 432910 474888 750821 1122907 258463 927263 577968 452179 851514 607379 919744 0 401472 379660 794247 366667 573285 737606 516638 632968 211209 625184 756854 733005 619527 752690 30897 683587 639250 394752 476208 358118 128689 292436 617692 537829 990077 850080 693433 156410 879342 494237 776019 636033 772990 702481 708089 1021761 193357 209248 623116 613238 866704 209754 322856 474368 1080284 663796 339388 675332 558023 610723
47635 282400 431134 675466 501500 545560 591914 352581 199487 462817 317457 534573 376008 458460 664647 794140 128172 448032 400503 426217 705148 211317 440821 366745 114653 474335 344391 558288 402129 61312 526084 290030 459454 723960 438686 307699 723999 268505 489395 457828 467219 817680 323366 663633 338342 66200 450120 421655 594548 401472 0 459725 693466 582787 687944 455638 273043 240059 376662 226712 355543 758110 317222 409596 370738 795027 286305 158350 332700 43705 287820 391763 223880 209689 682596 496516 775309 549808 550077 488324 748116 335446 656718 712064 732415 682583 537196 583879 655768 286581 704809 313258 228329 658174 763839 740739 446507 316420 420270 489854
465422 179697 889463 781409 283203 160673 355079 395383 593848 272214 682583 505073 526521 18794 503623 353400 450719 433212 556515 602446 687736 528671 126573 544189 528263 320492 460480 236061 370664 428205 578551 472436 563600 268301 378287 334636 321692 193627 53302 119345 515951 860205 157701 644504 358476 525240 823878 327054 700201 379660 459725 0 428319 171862 232655 504220 709378 674778 169716 649742 741925 357378 444150 867193 368370 344542 744386 570899 230680 438568 412084 92773 658799 667922 741884 949167 336928 494452 670594 125973 396502 792694 414554 323793 331700 807810 306545 562470 245985 467378 521543 523360 231598 206946 833063 303617 41416 772154 258092 280042
668619 517858 1049110 553432 711151 565241 101586 796792 709924 232238 735695 293972 473994 410449 146172 351285 756608 312163 946902 520705 381303 853917 323663 502341 691175 748122 436343 192305 786104 635680 995035 843441 440213 397021 799609 727450 233100 525709 378143 319777 375870 556263 538874 354066 373110 741072 844456 278092 502290 794247 693466 428319 0 552294 386087 374214 965039 809497 585214 775938 798515 234510 446823 1024535 776999 392065 918804 847410 367823 699160 791452 504181 797905 882996 485062 1077305 336501 921004 500066 303694 139631 1002281 41886 204187 230388 589009 732550 988084 254514 493019 130143 892223 524162 498442 557777 322992 469325 932494 274994 205807
598635 306600 1012130 951870 209787 43455 497793 404858 741113 436238 838179 672082 697377 187796 650819 354624 540421 603615 563541 773459 850003 597486 292989 714251 668152 266622 631309 369901 357046 563765 541573 509602 735447 246824 347370 367227 380908 319510 196743 281418 687207 1025235 259676 807850 529986 648805 980692 496908 871320 366667 582787 171862 552294 0 223489 675619 803494 813436 214308 791769 894923 411122 614022 991364 369539 324949 868212 664544 401623 552933 448196 195130 797109 781613 910173 1079286 345600 430132 842251 276443 482389 901926 548184 395566 390414 978821 212856 498817 316649 634759 662043 557205 367061 108261 1000786 321565 155183 899139 427135 439683
689028 411709 1114174 877580 430062 257723 366922 602128 803810 366617 879555 588739 679313 230557 513403 133263 683240 545660 764702 750404 739232 759045 270144 702516 746300 484148 616982 249769 563662 651208 759203 693144 691986 36016 560242 550693 171997 425527 198691 251352 632470 918829 388615 702480 514307 752490 1016188 445204 806501 573285 687944 232655 386087 223489 0 623599 941848 891420 381859 863890 941852 196134 608736 1091298 569953 113473 969497 803523 406734 669406 631407 319124 875935 897308 822215 1169355 122460 652331 787226 224968 282963 1022679 396093 194120 180095 909360 436064 721325 132078 642736 511779 743439 460051 129244 907082 98698 258549 995466 380467 355905
413794 453430 711757 279417 737881 663168 301548 712840 384376 257307 377148 95997 110088 487832 268795 658441 565208 77994 821348 146569 250176 661193 385230 137131 399778 747374 111604 378976 732877 395654 917957 705322 70214 651375 760885 643651 543206 450920 484038 399743 13215 385375 504116 208023 161314 476360 472838 182117 196298 737606 455638 504220 374214 675619 623599 0 693820 479641 577512 445800 436662 563129 138416 687551 710258 685658 598791 610086 283747 482322 674424 520560 471881 592571 252924 725554 639193 891607 167303 414629 495157 695362 332958 517041 546310 303996 770966 946607 513777 174112 312414 743196 415035 681970 344082 611866 529128 603607 251913 268420
297106 530217 266616 862562 668036 761916 863648 459084 328000 735381 412351 782278 595882 711615 926934 1055829 263386 702413 398642 622784 934093 223108 708792 577743 294046 622529 584095 830455 522207 329372 542000 345681 679135 977617 556329 455821 992878 516472 746239 724941 703569 1017241 557387 896528 601657 225362 485373 690272 792090 516638 273043 709378 965039 803494 941848 693820 0 267487 589215 289701 406733 1027547 560267 257394 492384 1052447 181927 139511 605689 277511 389713 628710 263333 110446 887977 355032 1037637 622875 747892 755242 1020844 126211 927526 982328 1001585 860033 698698 627169 922656 519969 968533 325543 486248 893267 957345 1003150 688209 214499 692971 762455
