NAME : TSP_INST
TYPE : TSP
DIMENSION : 100
EDGE_WEIGHT_TYPE : EXPLICIT
EDGE_WEIGHT_FORMAT : FULL_MATRIX
EDGE_WEIGHT_SECTION
0 418139 287763 487439 727431 690228 665023 208355 404347 344829 493101 817327 720319 394336 644502 378667 461064 827726 454496 240481 338555 367364 281669 163882 578067 452241 486416 280479 347025 255917 900491 412428 773793 966801 548515 433310 395099 274424 641647 700598 888414 450287 267278 324856 165007 777485 146774 375918 461568 111363 102157 653604 395070 1010125 747729 278529 419156 219966 985294 681486 980179 375691 985946 504894 607858 320025 674657 362330 441395 210828 385818 796496 138733 159755 696450 617116 747802 730168 655372 608236 879043 490188 539320 760223 186150 548795 728518 712968 673474 717540 770098 354874 698885 187018 931109 822180 162933 509230 214592 728683
418139 0 391128 819257 495253 763066 247939 259511 680902 360273 699645 448125 323104 208020 437951 439873 412830 410670 488270 178702 402416 349441 208842 561747 506089 768093 248817 306905 403198 636683 635568 342189 390929 562169 352989 363603 437974 181735 248507 453937 578847 208475 288258 376993 469582 431175 272957 164933 229337 331081 452518 235467 438279 601409 377563 602276 238388 528403 827384 510961 832473 699692 575311 731373 206828 360657 304368 690443 389276 391074 712920 381495 519863 407044 477538 202695 691750 512474 242952 195081 546360 273942 760088 471923 288168 151323 312850 300567 270242 300019 369684 103028 286801 300385 736828 488502 336254 571739 495208 558157
287763 391128 0 770097 849862 945365 611297 164528 691694 75023 773973 839010 708982 227604 777097 92113 654179 763371 681766 296863 51077 558847 405650 437053 772400 738266 586288 84310 59783 531170 1007903 155711 780379 935989 679348 168156 618862 216933 517770 813166 963732 541444 447277 45099 447550 821185 242584 463009 277447 322270 218024 589013 107447 968922 768631 566158 537736 506496 1157062 835610 1157000 661961 940309 789058 500877 51492 695470 648337 629984 456754 671499 743939 423185 421787 825092 577864 958772 861122 561371 523186 935497 602613 823374 848301 368616 541789 677108 611711 558682 656687 752375 400622 660722 139733 1082097 877227 136457 751937 496312 885272
487439 819257 770097 0 863867 498829 1034061 686394 159585 831574 248998 1081441 1039246 867015 787918 857600 568892 1184353 482447 657992 821145 540686 614514 333905 622686 57573 738509 767608 829880 241309 1023837 899739 1063527 1272713 729630 920749 476111 735205 1066976 860946 1065945 728820 540548 809992 357761 1020687 602028 693661 933281 510972 555457 1033665 875480 1323233 1025321 220800 676947 294474 966660 773176 950965 120014 1306362 215296 1026047 806392 967210 130660 570611 428949 107200 1145597 348785 415401 830746 981761 686826 850866 1058292 1011075 1086114 723423 228092 944225 532941 899101 1085821 1114446 1089239 1084993 1087506 722578 1048312 672203 967043 1041438 650354 452822 324770 801113
727431 495253 849862 863867 0 510141 463684 688577 705786 839082 634091 295021 363696 702515 84326 917328 304786 517047 381763 556498 874830 374146 460025 786272 246595 806855 263576 771707 877732 809593 174603 834403 323688 495739 179257 856898 400389 636067 616685 43311 203744 308492 460424 848853 651393 227040 638322 387182 721725 617199 812533 488186 919609 546924 283403 719058 317694 671389 338821 101497 347782 773812 543428 674353 579032 833007 287964 773352 312371 547645 785951 478075 740494 601468 33803 436015 317735 26998 553085 533670 236695 248545 683945 103185 542381 390660 461764 576735 600944 482945 384982 450851 427876 722795 241934 210673 747261 420525 635591 109516
690228 763066 945365 498829 510141 0 877252 795497 387158 975589 260936 795955 821203 917213 467222 1035481 351903 983722 278609 688923 990029 419204 584094 633029 292317 455695 550490 897655 996819 592573 623599 1012879 808227 1000240 473528 1037840 337499 794179 983871 530179 702639 573292 515099 968477 532124 726856 705533 598133 967858 623843 791843 891267 1047115 1052228 765430 489434 529700 498667 486896 409249 468083 471828 1045520 286162 939477 957144 737408 480553 374408 489961 477436 942128 606025 532584 485558 831522 223081 486875 942415 904848 745240 523911 270880 611961 580787 754131 903501 986021 986834 915650 857680 665588 864008 808081 514919 720148 809682 197840 485667 410025
665023 247939 611297 1034061 463684 877252 0 501884 884981 563026 878098 271938 127055 390899 446721 638350 536739 162794 630351 424600 609644 512084 423965 802981 588410 979681 330357 528807 607959 872115 543863 517842 205068 324710 406074 532171 597204 421536 166754 421606 452511 319572 493839 586712 699543 292462 520716 340455 368403 572509 699572 29795 631186 358832 218358 825220 371601 753342 795853 525733 807611 917155 331180 914371 143214 571144 178139 909582 519583 608296 930662 134865 759278 635443 462822 52302 745732 488850 95130 100378 399866 355531 938631 392127 519353 135762 66374 114053 140752 52821 153389 320702 55851 542367 689437 352054 579323 709035 717448 561011
208355 259511 164528 686394 688577 795497 501884 0 582423 180191 646985 701968 582289 185999 614229 245888 491675 662520 525349 132884 200072 397441 241210 372032 609162 645813 425447 102186 205617 462677 849906 225121 647913 821154 516036 249136 462744 80637 448071 653002 812218 381089 287186 176138 335654 676758 93437 301459 253219 187429 203817 484708 254746 859236 630798 468723 374190 399509 992648 671444 992491 569826 832422 667514 419327 163183 556331 557401 467209 316099 581241 636725 342535 293442 662907 460375 796574 698876 473220 428581 788679 440399 701039 692849 214736 408906 568047 529172 483718 552022 629183 244225 544860 40874 918699 730189 77441 599248 379812 721098
404347 680902 691694 159585 705786 387158 884981 582423 0 744464 127469 922491 883941 753415 628968 782952 409330 1031912 324029 531295 742195 383722 472695 284685 467118 102018 581755 673699 750524 217870 867959 804861 905842 1115016 570112 827661 316646 619168 929387 701897 907243 574462 395233 727060 247560 861347 491717 545078 817590 396862 491585 886431 799125 1165804 867185 131483 522077 185570 828333 616828 814321 85039 1149516 115950 887154 720704 810406 93418 411121 291546 92282 992541 277216 292504 672491 832746 549173 693534 915214 868714 926679 565725 147704 784904 402371 749360 934393 970296 948757 935037 931664 580897 896256 576068 819894 881855 561144 301794 202798 646849
344829 360273 75023 831574 839082 975589 563026 180191 744464 0 819212 803091 667966 172342 770551 79639 667817 709709 705224 301516 47364 575215 413707 500897 783597 797051 576883 78021 44932 595166 990664 80689 742009 886989 674850 94288 642731 204898 456771 800471 938853 531799 466326 30998 497552 790851 270976 456904 212133 360302 286451 538905 80625 917424 733867 622403 535446 558945 1156211 833826 1157684 720486 888208 836991 443940 25898 662398 707155 643028 493019 730645 693056 482947 464436 816465 533936 972389 852443 505534 470446 906359 595842 871030 828530 394805 507046 627764 553210 498567 605726 708979 388668 614706 171554 1075901 848658 183447 779439 544971 883316
493101 699645 773973 248998 634091 260936 878098 646985 127469 819212 0 877607 858784 803654 564301 866081 360471 1014373 264501 572572 823062 366075 492868 397656 387961 199403 556388 744537 830942 341513 785924 872106 869850 1077067 522479 896028 282199 670222 944544 637173 837823 559076 412989 805335 328294 812630 553649 547474 864224 460077 588388 883813 880804 1128899 828999 244758 506641 276721 717726 538280 702211 211301 1115497 40358 900750 797037 780073 220671 369790 333842 216538 973602 381024 354847 602176 826835 437843 618217 920775 876361 864706 535864 60830 722368 445206 743182 920811 973003 958658 925296 903857 596719 881428 647802 719576 825096 638954 213907 278786 561365
817327 448125 839010 1081441 295021 795955 271938 701968 922491 803091 877607 0 145421 636597 329385 881772 518164 245599 613125 590836 847337 543413 538475 923473 511513 1024023 351202 754710 847256 972198 300206 770311 66870 204496 355401 787583 606425 628106 437253 267105 193000 375300 580885 822504 798386 69153 689601 442452 627430 709505 877509 301729 877610 256677 71198 900341 419718 837687 578263 390148 594618 975863 249840 917515 414863 806263 145794 971916 512531 693634 989095 214585 876614 737137 313279 278782 612673 321505 364690 370350 132672 361145 933633 193292 640017 297240 232238 361382 405747 260111 128273 468430 217286 742300 467058 100517 775867 673846 799723 404407
720319 323104 708982 1039246 363696 821203 127055 582289 883941 667966 858784 145421 0 498528 364935 745629 501936 162527 598903 483768 713328 500662 453475 842833 528902 982922 303491 624906 712612 902117 422556 630429 78762 246836 350158 646703 577484 504784 293452 324610 326882 310648 510631 689142 726864 168519 583272 359155 484918 618115 769320 156822 740289 292387 93660 842079 362299 773966 684669 440116 698122 926838 271116 897194 269553 673090 83825 920980 489635 627026 940342 120984 797010 663227 369575 135895 666044 390243 221175 224930 272955 322933 917887 279555 554964 174299 99995 225562 264386 124720 50243 365448 74297 623134 575830 226651 658493 670994 736505 468462
394336 208020 227604 867015 702515 917213 390899 185999 753415 172342 803654 636597 498528 0 642092 247760 581273 537926 638849 232831 219325 499267 333146 557887 687968 823847 449150 153215 217243 647861 843039 135523 573978 714658 552397 155881 580083 134389 290584 661562 782207 405647 404807 197461 511216 629416 265011 342173 67251 357848 378597 366575 241773 745224 568685 647196 422951 575481 1031867 712284 1035934 748798 716103 828580 273538 182590 499323 736929 556300 470424 760729 520742 527161 460912 683682 363448 877417 718981 334509 298259 745384 472056 860882 679124 358451 344283 455456 384142 331182 433400 538174 268599 443085 213351 943609 688621 247756 719751 551416 760565
644502 437951 777097 787918 84326 467222 446721 614229 628968 770551 564301 329385 364935 642092 0 847815 223314 525776 305704 481466 804431 289846 381052 701992 183648 730600 194245 700877 807795 726264 258913 771146 342278 533881 98861 794342 319168 566104 587638 73179 278481 239105 377266 778564 567152 260556 559620 314505 667032 534722 731011 467864 851173 586043 299612 636947 240439 587929 389804 79540 394522 694597 578486 604657 547116 762976 282476 693594 229253 463320 706963 484890 656182 517167 51995 411307 301552 86243 529561 503780 300446 174872 616747 158067 460113 352988 456915 560723 577355 474423 395779 382156 419659 647101 305460 262503 670079 353076 551904 121649
378667 439873 92113 857600 917328 1035481 638350 245888 782952 79639 866081 881772 745629 247760 847815 0 737470 781718 769464 373877 45901 643308 485285 523790 854572 827357 654601 148088 40560 617397 1069928 129137 820243 961289 751478 127062 706629 281720 524154 879041 1018492 609502 532688 70283 539468 870274 330658 533581 278629 413431 302563 613452 19825 990333 812793 656567 611207 597997 1232129 909831 1233111 751289 960807 881023 514840 85108 741606 737548 712932 547849 760510 766745 512496 513746 894251 610991 1042377 930265 576852 543898 985844 672964 915355 907976 456629 586182 702407 622240 566491 679614 785860 466552 690824 227603 1153268 928191 228176 841121 588319 959413
461064 412830 654179 568892 304786 351903 536739 491675 409330 667817 360471 518164 501936 581273 223314 737470 0 660882 97093 367023 691716 96846 254979 490479 119519 511340 206452 591011 697070 506242 476043 690869 509478 716633 162821 715756 95854 470014 632959 294994 501175 222972 208641 667445 355813 454550 414445 248415 626004 360437 557610 547542 745501 768435 468531 414283 177811 368771 524236 231766 519441 471963 755123 400024 588458 653757 421384 470599 25080 258780 484499 619521 446463 314618 270985 488189 304908 297642 594674 555266 517607 182216 418037 376354 293264 407584 571623 641189 637840 579734 545449 318866 531775 514998 474377 472611 528103 172304 334178 274566
827726 410670 763371 1184353 517047 983722 162794 662520 1031912 709709 1014373 245599 162527 537926 525776 781718 660882 0 757420 587263 756954 651648 581033 964079 691414 1128951 458090 682703 754377 1031131 545806 656304 195703 188459 512118 667415 732218 581929 265585 480492 437188 458138 647022 735384 857383 299660 683506 492717 504457 734101 861655 177823 772524 209466 233858 979920 510870 909193 822142 599286 837694 1069205 179431 1052109 267104 720397 246346 1062339 647191 762909 1082742 41664 919888 793197 526541 211393 825793 543990 204987 240184 374264 479716 1074095 424185 678738 288412 100472 166814 223827 110833 132071 480802 136140 702702 711234 345595 739911 831299 872627 624528
454496 488270 681766 482447 381763 278609 630351 525349 324029 705224 264501 613125 598903 638849 305704 769464 97093 757420 0 412310 723610 140799 305712 450742 149616 425269 301122 627258 729829 449796 545883 737738 606168 812793 258006 762750 62905 517639 718590 378843 583501 312735 239672 700774 321887 548417 439241 324034 689277 367978 555646 639817 779616 864705 564996 350225 263546 318398 548707 294889 539894 393656 851769 304394 674028 688405 518476 394218 110906 243668 405422 716136 410889 296601 348467 580906 294023 369961 684292 643237 605177 277966 321344 462849 313155 499020 667227 732562 726152 674506 642540 388721 627429 542357 517128 562989 549080 83470 288980 329206
240481 178702 296863 657992 556498 688923 424600 132884 531295 301516 572572 590836 483768 232831 481466 373877 367023 587263 412310 0 328756 276664 112262 383909 482107 610142 294122 225961 333318 461843 719742 325856 542072 729106 383179 350865 351561 105344 414958 521653 687153 250412 173931 303602 301437 558904 99588 170123 291693 154504 286995 413790 380384 771301 519942 437685 241314 363634 860279 538752 860466 538024 746574 599014 377219 289080 445540 527531 342098 241830 550803 556114 343141 242768 530389 376682 671119 566317 419773 372062 667752 308042 630665 564988 129302 310391 488056 477563 442551 477179 532971 122556 458821 166376 785817 609459 193141 491084 334125 588414
338555 402416 51077 821145 874830 990029 609644 200072 742195 47364 823062 847337 713328 219325 804431 45901 691716 756954 723610 328756 0 597456 439884 487997 808952 789323 611697 103644 8869 582067 1029077 120188 786820 933822 707700 127148 660784 238767 504032 836963 979934 566616 486791 26005 497424 833543 284939 489983 259111 368654 268397 585759 57831 964532 777765 617031 567028 556858 1187830 865642 1188584 713004 935364 838747 491290 42152 705770 699390 667207 502948 722563 740059 474244 469855 851290 579788 996622 887324 552858 517552 948771 629561 873019 867759 410846 550686 674563 600565 545873 652709 754853 423998 660999 181987 1109880 890859 184262 795449 545964 915258
367364 349441 558847 540686 374146 419204 512084 397441 383722 575215 366075 543413 500662 499267 289846 643308 96846 651648 140799 276664 597456 0 166837 412157 216364 483758 198038 497847 603056 440736 548627 602380 522898 732061 205058 627374 89066 381357 585516 355485 558236 193877 112086 573541 277419 485900 318136 187192 548691 264397 462289 517854 651959 782549 485103 359244 141138 302508 619104 315978 615027 432576 765886 402342 541127 560220 426731 428503 74712 173706 445861 611524 366357 228308 341148 460761 400002 372143 556671 513450 564992 183032 426702 429223 196423 377115 556241 607798 596277 559711 548058 248635 517222 419352 564186 514420 431587 223696 265332 362117
281669 208842 405650 614514 460025 584094 423965 241210 472695 413707 492868 538475 453475 333146 381052 485285 254979 581033 305712 112262 439884 166837 0 389519 369891 561981 206481 337717 444737 450621 628901 436374 499115 699577 282221 461324 247330 215294 456981 428599 608651 168697 79933 415016 276360 496239 178570 96244 385012 171637 355850 420878 492287 745862 470089 401745 142821 329429 752526 432777 751832 495915 724070 523539 414498 400774 398753 487569 229999 185764 509326 545056 343549 212177 431667 372103 558861 467081 443873 396844 597493 213835 552939 481767 102121 292662 480698 499933 476181 476157 503712 108348 445869 269704 682177 540524 289882 386802 293864 482284
163882 561747 437053 333905 786272 633029 802981 372032 284685 500897 397656 923473 842833 557887 701992 523790 490479 964079 450742 383909 487997 412157 389519 0 594546 307048 576092 441536 496781 94283 960663 572387 887630 1089093 614541 592153 403593 434833 796155 766875 966816 548213 343674 477932 135090 875556 302095 485021 625138 230895 221560 794888 541795 1135185 856858 154157 506405 137075 999417 722095 990565 233140 1112994 397914 760078 475349 787075 219013 477241 239329 240596 930106 47031 188485 753169 752788 738081 783512 803674 755937 967274 572669 431213 837153 287885 677992 863731 861462 825643 855800 893076 483410 831075 350371 962214 913178 323723 480835 161854 764766
578067 506089 772400 622686 246595 292317 588410 609162 467118 783597 387961 511513 528902 687968 183648 854572 119519 691414 149616 482107 808952 216364 369891 594546 0 566442 269859 707427 814079 598702 401167 802856 518362 715789 182512 827565 191154 583134 705848 253975 450268 301137 328050 784390 462161 443182 533595 347277 728064 479379 675796 604204 862026 768045 475622 499803 268353 465372 408542 150817 402391 540629 759220 428131 662177 770394 445121 541978 142771 371700 551955 649814 552612 427302 215497 544645 189881 230266 658693 624243 480426 242533 437355 339388 412778 470913 611902 699195 704560 624907 565905 420549 572590 633579 368680 445661 647372 174111 433958 180420
452241 768093 738266 57573 806855 455695 979681 645813 102018 797051 199403 1024023 982922 823847 730600 827357 511340 1128951 425269 610142 789323 483758 561981 307048 566442 0 681696 730612 797952 219561 967597 862819 1006480 1215673 672064 884479 418552 690926 1016289 803596 1008727 672702 486852 776793 312715 963163 559061 639230 889558 466322 527198 979869 844716 1266278 968137 177103 620658 248545 916269 716731 901119 76581 1249587 169563 974910 772260 910419 89960 513049 377077 66864 1089993 315081 367456 773672 927381 636295 794108 1005832 958817 1028620 666339 188257 886776 483493 844456 1030717 1061671 1037632 1030354 1031023 670262 993000 634092 913716 983873 614388 397759 276018 745361
486416 248817 586288 738509 263576 550490 330357 425447 581755 576883 556388 351202 303491 449150 194245 654601 206452 458090 301122 294122 611697 198038 206481 576092 269859 681696 0 508387 614789 621263 425939 577088 325756 534674 104185 600418 274416 372983 436273 227600 402310 45100 232443 585752 448200 299664 380765 124073 477811 375222 562156 341939 657502 584861 289264 549886 69694 486493 583232 263245 586855 628827 567892 594377 392440 570005 228724 624003 190242 342818 642224 417227 529065 388181 239650 282347 448039 275667 391950 355393 393889 27330 616014 275355 301372 203641 366244 436211 436733 373474 350280 188224 326504 460459 499130 338217 486422 378752 448529 311418
280479 306905 84310 767608 771707 897655 528807 102186 673699 78021 744537 754710 624906 153215 700877 148088 591011 682703 627258 225961 103644 497847 337717 441536 707427 730612 508387 0 107587 535197 927302 132225 696099 853327 604064 154148 564737 135857 442925 734151 880888 463334 388528 77979 426171 737298 193686 386395 211659 284660 238827 507208 154599 887075 684357 554529 463403 488698 1084248 762026 1085100 654080 858723 763421 422961 63123 611269 641062 566315 416299 664756 662119 419169 389754 747903 494332 895797 783943 482441 442732 851824 526016 797281 766755 316872 457483 594847 534339 482817 575053 668584 321050 577532 97657 1006310 793620 117880 701429 472589 811636
347025 403198 59783 829880 877732 996819 607959 205617 750524 44932 830942 847256 712612 217243 807795 40560 697070 754377 729829 333318 8869 603056 444737 496781 814079 797952 614789 107587 0 590865 1031241 113778 786434 931900 711289 119640 667035 241811 500385 839660 981209 569695 492622 29724 505557 834178 291499 493450 255100 375958 277252 583816 50412 962225 777853 625527 570865 565145 1191761 869495 1192673 721615 932971 846801 488354 44820 706099 708013 672507 510159 731202 737919 482877 477511 854427 578739 1001973 890452 550048 515261 949530 632927 881059 869653 417263 550874 672683 597278 542347 650598 753794 426886 659611 188744 1113255 891700 192030 802009 554026 919089
255917 636683 531170 241309 809593 592573 872115 462677 217870 595166 341513 972198 902117 647861 726264 617397 506242 1031131 449796 461843 582067 440736 450621 94283 598702 219561 621263 535197 590865 0 982147 666351 941283 1146419 645781 686278 412878 521767 876637 794768 998800 598563 392967 572193 175291 920045 387595 543065 715056 307379 314867 866209 635551 1194019 908034 105188 552481 138468 993875 736379 982983 150549 1173217 333816 839016 569628 840987 136674 497222 278569 155289 995588 121199 238963 775917 820911 723099 803760 879617 831746 1004995 614071 365019 869947 352762 743039 930680 937249 904240 924752 952196 551447 896374 442929 966918 953107 417320 463503 175412 775558
900491 635568 1007903 1023837 174603 623599 543863 849906 867959 990664 785924 300206 422556 843039 258913 1069928 476043 545806 545883 719742 1029077 548627 628901 960663 401167 967597 425939 927302 1031241 982147 0 977741 356332 461944 352063 998897 570713 791587 708874 200461 114051 469336 634000 1003093 825705 254393 805956 549650 853002 789796 983613 572282 1070486 506614 329034 889651 486097 844277 284194 251210 303056 939539 513066 825567 677577 986953 369998 939968 485390 722201 951265 513869 914981 776070 207496 530971 405534 178404 638781 630976 178207 415180 831100 164121 714839 508427 520928 648118 684443 546979 423197 607355 496096 885852 174096 200787 912342 572870 808889 224784
412428 342189 155711 899739 834403 1012879 517842 225121 804861 80689 872106 770311 630429 135523 771146 129137 690869 656304 737738 325856 120188 602380 436374 572387 802856 862819 577088 132225 113778 666351 977741 0 706881 838195 678806 25015 676366 221106 396225 794048 917730 532656 498309 111252 557319 764655 318505 463507 151848 412331 362829 491721 117122 865498 703066 686632 544152 620252 1160235 838936 1163345 786295 835689 892375 389221 105337 634386 773285 665806 540621 796981 643225 551160 518229 814342 494659 992705 849940 451345 420927 880628 598567 925994 813991 435420 479601 580453 494929 438716 556621 668155 391281 571678 229161 1074569 824001 249531 815286 603047 887823
773793 390929 780379 1063527 323688 808227 205068 647913 905842 742009 869850 66870 78762 573978 342278 820243 509478 195703 606168 542072 786820 522898 499115 887630 518362 1006480 325756 696099 786434 941283 356332 706881 0 209194 349376 723651 592682 572246 370544 289450 254408 342922 548343 762280 766327 104508 641517 402981 562598 668179 829016 234859 815500 260092 42799 874628 391235 809297 627832 411114 642863 954573 245650 909202 348021 746116 100569 949743 500733 663367 967964 159656 841127 703772 336082 213458 637232 350685 298007 303636 197169 340151 927470 228607 601230 239659 167467 296604 339573 194928 66955 420747 150527 688557 517350 156139 723001 672517 771430 432419
966801 562169 935989 1272713 495739 1000240 324710 821154 1115016 886989 1077067 204496 246836 714658 533881 961289 716633 188459 812793 729106 933822 732061 699577 1089093 715789 1215673 534674 853327 931900 1146419 461944 838195 209194 0 554926 850682 801390 741803 452929 470589 348178 549758 753731 911157 971155 273446 828332 604490 686797 864950 1013045 348084 953240 52274 248451 1082434 599231 1016091 745940 593216 764999 1163462 51140 1116655 450277 895673 306961 1158473 708876 869576 1176873 195014 1043072 907926 516257 361134 813008 521543 388626 417522 285541 549344 1134057 392628 801342 418714 259270 355001 411696 281729 196788 612023 276760 861976 635998 287577 898239 876283 978344 604116
548515 352989 679348 729630 179257 473528 406074 516036 570112 674850 522479 355401 350158 552397 98861 751478 162821 512118 258006 383179 707700 205058 282221 614541 182512 672064 104185 604064 711289 645781 352063 678806 349376 554926 0 702431 253543 470026 529260 153228 353271 146750 281975 681917 480797 291874 460791 217962 581983 438055 633322 422504 755406 606916 307672 562169 141895 507487 481896 160145 484550 628677 594589 562275 486453 666479 267067 626123 159036 375232 641577 470453 568084 427381 149642 363171 348798 184878 478628 446414 361246 80372 579145 224167 363185 292458 429974 517448 525187 442486 390255 287868 390495 548509 402753 312917 571248 323369 470385 209092
433310 363603 168156 920749 856898 1037840 532171 249136 827661 94288 896028 787583 646703 155881 794342 127062 715756 667415 762750 350865 127148 627374 461324 592153 827565 884479 600418 154148 119640 686278 998897 25015 723651 850682 702431 0 701366 246075 405201 816334 937434 556113 523311 123060 580103 783465 342569 487595 164074 436081 380142 505491 112092 876833 720916 708596 568318 642795 1183638 862576 1186920 807919 846841 915993 400732 120048 652996 794822 690690 564932 818473 655675 572004 541877 837183 510814 1017426 872710 462761 434199 899409 622140 949676 835001 460132 498706 593912 504494 447805 569537 683432 415148 586518 251633 1097373 843071 270411 840263 626147 911378
395099 437974 618862 476111 400389 337499 597204 462744 316646 642731 282199 606425 577484 580083 319168 706629 95854 732218 62905 351561 660784 89066 247330 403593 191154 418552 274416 564737 667035 412878 570713 676366 592682 801390 253543 701366 0 456881 674489 390728 596904 277663 178059 638018 271037 544742 376345 276257 632189 305817 495564 604229 716866 852702 552986 318983 225733 276737 598484 323505 591138 376653 837789 319968 630072 625727 500108 375001 94508 184808 389313 691515 361458 239271 366589 546424 352781 392455 644683 601901 612174 254780 342205 471494 250254 463162 638717 695120 684795 643666 623340 336458 599282 479469 558736 565900 486248 139733 243829 363310
274424 181735 216933 735205 636067 794179 421536 80637 619168 204898 670222 628106 504784 134389 566104 281720 470014 581929 517639 105344 238767 381357 215294 434833 583134 690926 372983 135857 241811 521767 791587 221106 572246 741803 470026 246075 456881 0 370643 598337 747021 327891 279095 212799 378230 606487 134464 252064 198772 224606 283138 404109 285397 779317 557135 514778 330624 442387 951314 628929 952855 616364 752320 694585 340266 197022 483082 604773 444973 336580 628508 556399 400568 326691 612616 380746 772785 648642 393156 348189 720002 391270 727057 631462 225272 332621 487769 449434 405133 471485 550977 185265 465227 120847 871552 661604 157983 596349 417457 678418
641647 248507 517770 1066976 616685 983871 166754 448071 929387 456771 944544 437253 293452 290584 587638 524154 632959 265585 718590 414958 504032 585516 456981 796155 705848 1016289 436273 442925 500385 876637 708874 396225 370544 452929 529260 405201 674489 370643 0 573624 619219 410580 535842 484682 714409 458973 495663 398754 245664 569278 651757 137354 513309 474474 385081 848827 455909 774724 953461 667094 963875 947195 444078 977399 44568 470851 339758 937634 611940 639423 960339 260870 757154 653055 611335 181147 877551 640445 72578 83858 566407 463532 1005251 553600 534458 237039 210407 99679 42612 182517 313536 349449 220023 484723 849286 518759 522017 801208 742425 706868
700598 453937 813166 860946 43311 530179 421606 653002 701897 800471 637173 267105 324610 661562 73179 879041 294994 480492 378843 521653 836963 355485 428599 766875 253975 803596 227600 734151 839660 794768 200461 794048 289450 470589 153228 816334 390728 598337 573624 0 206182 271976 434820 810964 632616 198040 606065 351671 679635 589698 783153 445749 880887 522390 248024 707285 285778 656302 382110 123122 391074 766831 516896 677530 535816 795021 247039 765588 299217 527580 779281 440864 720604 580272 46711 393104 347970 67255 510401 490522 227552 215136 689195 85520 514719 347392 421697 534959 558296 442220 348562 413102 387065 688018 284320 192104 713519 425349 619783 144132
888414 578847 963732 1065945 203744 702639 452511 812218 907243 938853 837823 193000 326882 782207 278481 1018492 501175 437188 583501 687153 979934 558236 608651 966816 450268 1008727 402310 880888 981209 998800 114051 917730 254408 348178 353271 937434 596904 747021 619219 206182 0 441169 628070 954201 833711 160714 779764 520365 784455 777088 963754 481877 1017126 393578 234154 912901 469364 860394 398237 302273 416944 972951 399267 878092 591679 937881 288741 971763 505022 727802 985367 407502 920117 778817 235887 447263 493474 221294 547472 545485 64556 398762 887561 129680 702711 439205 421725 550637 591263 448882 320003 568157 401174 850343 287886 100460 879911 624260 823473 292717
450287 208475 541444 728820 308492 573292 319572 381089 574462 531799 559076 375300 310648 405647 239105 609502 222972 458138 312735 250412 566616 193877 168697 548213 301137 672702 45100 463334 569695 598563 469336 532656 342922 549758 146750 556113 277663 327891 410580 271976 441169 0 205942 540668 423904 329008 339222 80415 436337 339754 522617 327458 612420 598699 309630 532800 52774 466501 627580 306734 630854 616218 579880 595885 366191 524913 243021 610480 203161 320449 629718 418328 501330 362040 284750 269062 484096 320765 372014 332300 428798 66438 619450 316034 267376 186424 362365 419833 414879 366220 359469 143158 323377 416557 544169 371915 443211 393590 428687 355313
267278 288258 447277 540548 460424 515099 493839 287186 395233 466326 412989 580885 510631 404807 377266 532688 208641 647022 239672 173931 486791 112086 79933 343674 328050 486852 232443 388528 492622 392967 634000 498309 548343 753731 281975 523311 178059 279095 535842 434820 628070 205942 0 463258 218023 531899 206068 154309 459949 158551 356798 493131 541930 801756 515568 332997 162750 263453 727166 416097 724064 423317 781620 443620 492977 450340 448020 415859 185460 116486 436826 609522 296655 156263 429233 441577 511929 462890 519998 473493 624888 230291 473017 498677 86120 359598 547420 575281 553823 545191 560468 186417 510966 307630 666658 570084 319517 317286 226231 464173
324856 376993 45099 809992 848853 968477 586712 176138 727060 30998 805335 822504 689142 197461 778564 70283 667445 735384 700774 303602 26005 573541 415016 477932 784390 776793 585752 77979 29724 572193 1003093 111252 762280 911157 681917 123060 638018 212799 484682 810964 954201 540668 463258 0 481155 808163 262967 464146 241065 348788 260859 563215 78852 942462 752793 603262 541361 541517 1162223 839989 1163074 700316 913439 821894 470501 16341 680616 686835 642865 482696 710177 717770 461975 451256 825358 556020 972342 861391 531790 495597 923306 603692 856081 841823 388478 525665 651892 580391 526230 630401 731056 398014 637641 160675 1084019 865348 166640 773346 529260 889594
165007 469582 447550 357761 651393 532124 699543 335654 247560 497552 328294 798386 726864 511216 567152 539468 355813 857383 321887 301437 497424 277419 276360 135090 462161 312715 448200 426171 505557 175291 825705 557319 766327 971155 480797 580103 271037 378230 714409 632616 833711 423904 218023 481155 0 747715 246762 367896 576843 153626 262992 694918 554867 1018728 733525 136962 378917 64280 869066 587242 861098 238332 997973 341577 674936 474153 665945 227105 342203 106260 250696 821349 90734 64186 618225 647960 613748 648445 711988 664204 836169 442640 375934 704159 181764 569021 757021 769245 739387 751978 776927 379606 722189 328526 828666 782989 314658 361972 49586 630306
777485 431175 821185 1020687 227040 726856 292462 676758 861347 790851 812630 69153 168519 629416 260556 870274 454550 299660 548417 558904 833543 485900 496239 875556 443182 963163 299664 737298 834178 920045 254393 764655 104508 273446 291874 783465 544742 606487 458973 198040 160714 329008 531899 808163 747715 0 655945 401661 627594 667870 843335 321631 867638 325545 74860 844614 369259 784036 523329 321132 538378 917166 318987 852688 430972 791827 130654 913754 450380 642027 930278 264162 828545 687829 244330 286776 544331 253748 387569 384772 115973 306113 868018 127036 596276 285149 266541 393971 432102 292643 171115 436657 242535 716325 412912 60839 748330 607100 746138 336554
146774 272957 242584 602028 638322 705533 520716 93437 491717 270976 553649 689601 583272 265011 559620 330658 414445 683506 439241 99588 284939 318136 178570 302095 533595 559061 380765 193686 291499 387595 805956 318505 641517 828332 460791 342569 376345 134464 495663 606065 779764 339222 206068 262967 246762 655945 0 259428 331305 95029 187911 508201 341689 870120 618854 382247 320678 311025 927404 609842 925617 483830 845093 574575 461276 251699 544585 471922 390824 222862 495726 653426 266424 200874 610201 473978 717952 645646 508632 461561 763160 390931 607986 655247 126104 409665 585043 566207 526917 572947 632380 221224 556873 103156 859953 705114 113957 510520 288928 659126
375918 164933 463009 693661 387182 598133 340455 301459 545078 456904 547474 442452 359155 342173 314505 533581 248415 492717 324034 170123 489983 187192 96244 485021 347277 639230 124073 386395 493450 543065 549650 463507 402981 604490 217962 487595 276257 252064 398754 351671 520365 80415 154309 464146 367896 401661 259428 0 380829 267112 444206 341376 537448 651358 373874 487235 80911 417018 699473 377145 701425 577193 630197 581632 354502 448632 302560 569974 224572 270342 590719 455343 438760 304118 362086 288154 535933 398118 373647 328892 505428 139704 608299 396139 198291 205536 393136 427014 411231 391365 409306 73606 356682 336410 619917 447848 362803 407471 380143 426536
461568 229337 277447 933281 721725 967858 368403 253219 817590 212133 864224 627430 484918 67251 667032 278629 626004 504457 689277 291693 259111 548691 385012 625138 728064 889558 477811 211659 255100 715056 853002 151848 562598 686797 581983 164074 632189 198772 245664 679635 784455 436337 459949 241065 576843 627594 331305 380829 0 423266 443490 341494 268397 713678 562327 713163 460183 641051 1056048 740293 1061500 814774 683848 890190 237385 228220 496990 803033 601317 532179 826808 491784 594299 525244 705524 349178 916196 740029 299507 270129 743108 502425 922103 688994 419654 345869 429844 343634 287907 405497 520291 307950 423065 279694 963656 687919 313304 771303 616180 787460
111363 331081 322270 510972 617199 623843 572509 187429 396862 360302 460077 709505 618115 357848 534722 413431 360437 734101 367978 154504 368654 264397 171637 230895 479379 466322 375222 284660 375958 307379 789796 412331 668179 864950 438055 436081 305817 224606 569278 589698 777088 339754 158551 348788 153626 667870 95029 267112 423266 0 198505 564031 426350 909675 640565 290319 307798 217791 883385 574576 879423 391853 886510 480098 531723 339164 568307 380405 339105 134484 404089 700845 188896 106026 586579 522710 656430 620655 573512 525696 768274 378830 513669 648860 74981 449733 633926 631267 597036 625328 668229 254473 602117 188841 825014 711633 186034 432741 194150 622485
102157 452518 218024 555457 812533 791843 699572 203817 491585 286451 588388 877509 769320 378597 731011 302563 557610 861655 555646 286995 268397 462289 355850 221560 675796 527198 562156 238827 277252 314867 983613 362829 829016 1013045 633322 380142 495564 283138 651757 783153 963754 522617 356798 260859 262992 843335 187911 444206 443490 198505 0 684336 320848 1053536 806743 361471 498012 312058 1081381 772891 1077024 451877 1027733 597296 623058 260556 732433 437923 536899 312153 460384 833811 215064 261880 782634 655203 848329 817179 676254 630982 949445 569322 631646 837511 271544 595161 765084 732565 687531 750833 817961 409106 739138 167639 1023438 891631 131252 611362 312125 820927
653604 235467 589013 1033665 488186 891267 29795 484708 886431 538905 883813 301729 156822 366575 467864 613452 547542 177823 639817 413790 585759 517854 420878 794888 604204 979869 341939 507208 583816 866209 572282 491721 234859 348084 422504 505491 604229 404109 137354 445749 481877 327458 493131 563215 694918 321631 508201 341376 341494 564031 684336 0 605814 379929 247759 822623 378578 750106 821939 547191 833324 915984 351522 919490 113598 547817 204864 908026 529451 606241 929455 154940 751859 631027 486058 59745 765222 512992 66576 71898 429555 367868 944508 419172 513776 141119 88955 94991 113468 67940 182346 315312 85241 524879 716138 381418 562092 719594 714741 583708
395070 438279 107447 875480 919609 1047115 631186 254746 799125 80625 880804 877610 740289 241773 851173 19825 745501 772524 779616 380384 57831 651959 492287 541795 862026 844716 657502 154599 50412 635551 1070486 117122 815500 953240 755406 112092 716866 285397 513309 880887 1017126 612420 541930 78852 554867 867638 341689 537448 268397 426350 320848 605814 0 981477 809055 673307 615802 613943 1236655 914274 1238005 768547 951802 896297 505444 91759 738453 754851 720842 560569 777892 758454 529716 527686 897073 605183 1050336 933047 567544 535718 983387 676452 930589 908032 467306 582979 694738 611878 555775 671512 779758 469283 684177 239077 1156526 925949 242084 852144 603518 963787
1010125 601409 968922 1323233 546924 1052228 358832 859236 1165804 917424 1128899 256677 292387 745224 586043 990333 768435 209466 864705 771301 964532 782549 745862 1135185 768045 1266278 584861 887075 962225 1194019 506614 865498 260092 52274 606916 876833 852702 779317 474474 522390 393578 598699 801756 942462 1018728 325545 870120 651358 713678 909675 1053536 379929 981477 0 300010 1131499 648692 1064585 789833 644855 809385 1213413 30713 1168437 476298 927231 356517 1208249 760426 917864 1226846 224990 1089394 955264 567911 398998 863849 572558 414183 446982 332249 600080 1186006 443751 847303 461339 292505 375046 432321 312256 242152 655884 314634 899937 680650 337858 936558 928476 1026922 654966
747729 377563 768631 1025321 283403 765430 218358 630798 867185 733867 828999 71198 93660 568685 299612 812793 468531 233858 564996 519942 777765 485103 470089 856858 475622 968137 289264 684357 777853 908034 329034 703066 42799 248451 307672 720916 552986 557135 385081 248024 234154 309630 515568 752793 733525 74860 618854 373874 562327 640565 806743 247759 809055 300010 0 839082 356242 774829 594438 369085 608679 917422 286920 868481 358395 736521 74612 912900 460442 629627 930764 195749 810137 671575 294528 216468 595422 310382 313337 312573 183278 302075 886341 191406 571963 227150 192164 319154 357484 217952 102017 397636 167720 671114 484749 133701 704670 630519 736894 391549
278529 602276 566158 220800 719058 489434 825220 468723 131483 622403 244758 900341 842079 647196 636947 656567 414283 979920 350225 437685 617031 359244 401745 154157 499803 177103 549886 554529 625527 105188 889651 686632 874628 1082434 562169 708596 318983 514778 848827 707285 912901 532800 332997 603262 136962 844614 382247 487235 713163 290319 361471 822623 673307 1131499 839082 0 483400 74170 890624 641235 879308 101612 1112424 243758 808617 597965 775496 90144 408076 217086 113774 942518 146470 195825 685259 773134 618499 711436 843373 795799 923338 539323 277116 785373 314412 692049 880135 900176 872512 877078 891537 508435 843915 457619 866712 873527 439158 359101 107884 678496
419156 238388 537736 676947 317694 529700 371601 374190 522077 535446 506641 419718 362299 422951 240439 611207 177811 510870 263546 241314 567028 141138 142821 506405 268353 620658 69694 463403 570865 552481 486097 544152 391235 599231 141895 568318 225733 330624 455909 285778 469364 52774 162750 541361 378917 369259 320678 80911 460183 307798 498012 378578 615802 648692 356242 483400 0 418591 620933 298630 622240 565101 630508 543293 411354 526112 292283 559666 156097 273915 578575 470987 459380 318574 290136 320695 456020 325863 420900 379716 463021 71357 567094 341093 233349 237472 415115 470071 462615 418720 410706 154362 376150 406670 544513 407683 429919 345545 380653 348233
