NAME : TSP_INST
TYPE : TSP
DIMENSION : 100
EDGE_WEIGHT_TYPE : EXPLICIT
EDGE_WEIGHT_FORMAT : FULL_MATRIX
EDGE_WEIGHT_SECTION
0 701770 141043 804488 836441 455519 562642 678274 834550 385041 713835 151669 464805 149123 456407 449630 100707 710370 311618 393354 559572 252787 450287 579309 467873 554565 276262 130187 639364 602348 337979 490013 708212 633375 462997 739503 470004 691287 399682 435850 484158 490452 277763 714260 56462 491253 157560 616805 218231 640147 778764 106351 666944 686258 130822 569458 422706 914635 383305 883128 333651 248480 246560 992041 426714 671777 713690 611570 447649 769327 825487 1053441 1015846 689205 363431 169587 639829 543626 943498 833140 665069 578533 728871 361464 248934 569567 301790 617405 723004 430447 424181 291875 375384 199156 480219 584249 75629 195365 395458 216155
701770 0 768955 619559 289978 269715 618953 644965 749966 624302 400977 815078 614615 745164 416448 263671 802145 137349 390158 568886 710382 512405 531262 700852 735984 616969 733770 823085 123584 182074 788780 721367 314996 537396 303217 144660 659333 654059 343593 327263 671697 350510 450932 309368 753582 537397 753118 539705 714655 446535 556436 769829 685819 529287 815083 279399 698275 259824 741413 186313 648773 670477 574593 292607 702939 58999 159820 576499 535283 720560 426921 352153 315017 441146 436677 688101 363996 531451 276269 137601 532243 207992 168274 437724 524974 621730 410595 86868 469317 427296 304695 746914 439030 889154 445198 202330 727017 782154 628250 685844
141043 768955 0 939293 937982 548153 702249 614813 974159 316296 834956 242931 398493 32163 580932 506177 144960 753251 389432 343650 700599 265859 409349 496070 607720 694189 412187 100747 688049 696345 469332 630547 716503 591135 494760 781949 611011 830364 436877 542462 402386 606681 319051 825505 152672 446997 31799 573375 355060 767564 910479 44456 807255 818974 79976 677948 330596 1000670 521322 941591 474691 389026 383823 1061526 333428 730524 752433 559340 405602 909191 944042 1114555 1083328 814888 370540 97464 759137 679163 1027005 892210 625458 675588 766428 368723 255739 504583 358556 689566 850044 555561 520923 426720 499348 241812 608681 621462 204766 57292 325111 355797
804488 619559 939293 0 407647 517610 265689 1168433 141567 1005219 218622 809229 1043217 935645 375668 665796 868881 751819 640675 966742 334010 809319 969769 1163835 442282 272929 609097 924239 705281 459758 607880 409047 911438 1067263 754126 763619 380850 153920 736846 467613 1094983 384875 746282 312465 823419 997780 945402 1061787 642363 202462 63616 910408 206757 125155 931248 380424 1079578 559705 522995 731142 501027 587618 558118 715188 1084981 660544 773481 1087920 971541 147679 239565 805963 741961 183606 821444 915370 267840 260932 591759 706108 1076509 447302 784568 820913 821261 1102330 701560 583563 150892 397159 516149 607229 451663 891357 339019 747160 767845 985235 1014284 624078
836441 289978 937982 407647 0 390841 524526 930493 549105 868362 220248 911138 874669 921066 414079 482302 929167 423879 552767 816419 623273 715071 791334 973508 691204 526441 767805 966376 409673 244947 802820 665840 604190 822780 552310 423922 609552 500342 570914 400635 931937 358135 645982 145968 878186 804846 930283 823595 770798 313521 346922 926354 547369 366801 964243 269666 945521 153042 732605 337169 659857 715950 636587 307771 950610 347291 446090 858726 794766 541627 171822 398677 334868 275826 670277 875506 247169 448714 186572 323793 819952 262865 451696 670749 728575 897373 597787 309432 282261 437657 417063 775498 480714 994034 416218 481049 836322 965514 874321 743343
455519 269715 548153 517610 390841 0 411362 651715 616913 506059 336048 553327 532536 530447 185093 149822 552964 336736 162323 460876 487610 330592 455408 649306 488441 406870 464621 583504 264544 148334 521506 479812 440052 552622 238138 361940 419255 488610 220492 70349 586868 139349 261094 293967 502566 481299 539605 546040 445069 315163 465039 538949 502949 397464 579301 151664 583270 459150 480212 455731 384905 400940 304879 545982 588619 262233 351169 570823 457571 569038 426742 616345 571579 342337 311455 484933 262123 330500 488385 407315 564770 127983 366774 311265 344030 585284 212127 183590 380399 184207 35079 478166 177460 631157 225158 264994 468784 574675 513869 416230
562642 618953 702249 265689 524526 411362 0 1037056 271934 824257 308176 548834 877032 703538 226518 553857 615891 726788 475335 795840 98922 622626 814671 1003032 183857 8086 344641 674265 662101 436888 342634 152466 850514 946566 637897 747140 115295 129493 600808 342653 922525 279475 570456 382305 573547 849120 713029 937214 381647 211094 266924 668787 108276 183619 683601 339657 892604 668662 258021 778846 240315 329311 319818 810930 897868 638982 745017 955624 815325 207059 405773 899131 839316 254201 664906 694333 283802 87504 703822 740259 963554 411536 759373 663853 632507 953781 534357 552091 264047 232478 392333 341983 268201 629377 186376 675459 516469 752759 834362 366125
678274 644965 614813 1168433 930493 651715 1037056 0 1267040 299136 972504 828032 216760 583480 819399 502667 746122 527229 563243 285273 1090136 452908 236438 146047 1045455 1030851 910187 715015 521985 729568 980425 1052070 358622 107728 414307 540605 1003257 1133385 438221 708896 220016 789068 480743 903986 727072 196204 583138 108306 857375 966319 1113633 651154 1139397 1049179 694692 790937 297176 893959 990762 715619 903286 854616 781344 857675 296489 586052 508549 81565 237704 1215991 1039060 859803 865120 989172 376354 525959 905596 967687 901010 684199 117323 732603 510568 377702 449504 110328 507209 625444 1026295 807412 658016 927979 769102 851771 861569 449977 750678 577315 289904 839754
834550 749966 974159 141567 549105 616913 271934 1267040 0 1079810 352405 813188 1125664 975103 451604 766729 885359 878892 719362 1046354 298748 879378 1056984 1249540 412328 280003 604202 944679 827550 581748 586642 379824 1031391 1169407 854929 892622 373275 144954 829812 558252 1174556 478237 821428 447849 844283 1088083 984634 1162426 647354 311186 202885 940649 170524 225125 954624 494212 1151203 701267 503325 869847 508224 597798 591228 856722 1156551 787227 900033 1185698 1058257 66119 380923 947515 883522 308822 906691 963928 388706 310191 733312 843064 1181552 565563 911949 905916 890278 1193350 780354 706658 282531 467993 609035 598274 516618 890814 410327 862358 786954 1024415 1089489 634453
385041 624302 316296 1005219 868362 506059 824257 299136 1079810 0 841338 532101 82386 284699 631574 386173 447482 556772 364557 56318 858594 201631 115433 196045 795087 817041 636134 416116 511917 630312 704844 807570 459883 280601 322191 581638 767261 937407 297730 540929 103036 623028 259267 796790 430931 142419 284793 262535 580123 806774 959679 352027 931829 880319 395979 657721 77611 882526 728061 761674 649962 587343 529842 898814 82870 571019 547650 244281 110691 1021367 931739 930557 914879 842009 198616 227028 765929 769830 900546 717237 315812 621332 557863 198317 192042 188813 303839 567437 880279 612811 496661 653628 563231 552732 671244 431190 459495 282524 10801 566583
713835 400977 834956 218622 220248 336048 308176 972504 352405 841338 0 758717 868173 824541 257981 474931 795736 533946 484010 796893 406049 657547 789843 982971 482766 310923 588544 842424 490216 247720 612436 454986 697110 868343 561109 545181 402667 282255 554717 305460 922820 230032 589569 95591 745925 813477 834271 864550 603048 99215 155477 814259 327656 147930 844655 185268 918215 370584 535555 519113 475935 545996 483377 521180 923589 443015 555776 893619 792227 332341 114099 611760 549134 55594 647490 791422 77145 239964 405150 490862 874475 240372 566543 647310 670563 915745 541421 368695 69951 284085 345321 593128 338465 843297 241411 537821 696428 872760 849381 578162
151669 815078 242931 809229 911138 553327 548834 828032 813188 532101 758717 0 613113 266146 504814 577067 99840 839788 431897 543821 519175 402536 601736 723768 411774 540954 210237 160129 766619 692574 248298 440600 852453 785002 602309 868752 440062 677216 538470 517513 628517 553659 419685 777340 101172 642614 271242 768387 167235 672729 794968 198534 642696 701677 178857 641707 562659 1006732 318650 1000180 308822 221755 276860 1099033 566202 791943 845306 762597 599031 747090 872782 1166641 1124279 724537 511955 308228 690735 553771 1037844 950409 816737 665948 860903 509993 399547 718698 435801 728621 753958 479230 519127 219028 431158 84592 517326 718681 91771 298957 542248 185693
464805 614615 398493 1043217 874669 532536 877032 216760 1125664 82386 868173 613113 0 366984 674428 398662 529600 531194 406302 82077 917731 260273 83707 126691 860293 870107 709110 498451 495953 644373 778544 870834 412329 205353 322370 553691 827471 985350 314009 575712 57389 658483 306583 815774 511967 85265 366917 187377 654107 842193 994522 434413 983465 919283 478255 682990 104886 874439 797286 736183 715579 657682 594073 876473 107291 558351 519206 164610 80024 1069289 952106 900715 890411 873834 222029 309267 794648 817330 889596 694485 240719 639001 527554 222468 253358 106451 345357 567384 912070 657739 528281 726761 611442 635046 715376 414377 538539 363209 73394 639010
149123 745164 32163 935645 921066 530447 703538 583480 975103 284699 824541 266146 366984 0 572771 481790 170703 725930 370020 311501 706385 238281 377188 466301 616747 695516 424728 131557 661667 678212 484427 638331 685866 559009 467016 754508 615843 830746 410197 528410 372183 595260 294358 811659 171039 414847 9801 541259 366921 760023 904891 69894 809573 814150 111281 663742 301436 979941 532388 916026 480585 397041 383877 1037538 304464 705478 724609 527420 373439 910592 932417 1089143 1058972 806430 340979 65973 748231 676545 1005702 866826 593313 658285 738433 339189 227599 473198 335695 666908 842131 547779 504398 439938 491430 271028 602165 593821 218889 49612 293641 365227
456407 416448 580932 375668 414079 185093 226518 819399 451604 631574 257981 504814 674428 572771 0 328161 537879 510197 268355 595769 304074 433952 605443 797964 319586 221859 354463 584570 441945 241285 394679 305392 624958 725364 413574 532763 243428 314191 381186 116161 724157 67143 372314 274203 487970 637034 582564 716986 357268 187459 336179 558096 321836 250560 587164 156234 704977 530728 333698 591908 250084 301957 227983 651890 710370 426491 526972 737841 606680 397360 370924 733682 679721 233960 455099 545516 186437 148874 564773 548044 740674 212463 541955 454316 445753 742317 329494 340152 269361 26111 166285 363086 81603 589100 42193 449843 439003 621780 640923 330292
449630 263671 506177 665796 482302 149822 553857 502667 766729 386173 474931 577067 398662 481790 328161 0 550232 262725 146658 335071 622851 249269 317528 508931 607481 548719 541414 565214 190100 245929 606482 604152 312778 402836 88461 291714 546521 637406 88636 212646 455064 288829 187433 417389 504037 338881 489636 396471 507844 463656 611579 509253 649480 546840 555730 290520 463494 508852 581985 436653 485020 476093 380223 555775 468628 224862 268750 422149 320325 718402 553904 609059 577228 487547 187994 424444 404846 476422 531317 386928 415116 240651 284520 188495 262073 440825 149736 189855 525088 321789 161899 557411 297931 644365 369800 148100 485878 518488 392348 480772
100707 802145 144960 868881 929167 552964 615891 746122 885359 447482 795736 99840 529600 170703 537879 550232 0 810567 412069 465510 597709 344275 527163 634916 495389 607844 293245 62935 739842 698606 340965 521966 803134 711260 561279 839700 513263 745366 498386 528935 540095 577883 375929 802900 50982 567143 174696 694068 241184 716551 848556 101215 715269 755197 79755 660478 471266 1011975 404085 983787 377153 287589 315495 1091963 474484 772477 813549 684756 524015 819355 908779 1153951 1115941 767069 455623 220529 723704 608960 1041340 933798 744262 674002 828638 453668 338522 635972 401998 717507 799170 511771 520801 305069 458754 107378 557249 683702 101271 199936 457177 251046
710370 137349 753251 751819 423879 336736 726788 527229 878892 556772 533946 839788 531194 725930 510197 262725 810567 0 408587 500487 812856 487657 451254 600742 824049 723819 791441 821236 74829 299053 852613 813586 181141 421470 259171 29134 752143 775225 316758 404751 586275 448883 438038 444511 765454 448289 732701 426586 763355 570791 689231 762045 802725 655543 810014 393626 625006 367087 816214 205333 720154 726270 628940 345395 629123 91670 22478 465524 455755 845680 564242 374230 359362 570797 391570 663583 490390 640165 373920 163721 411241 319618 33183 393081 498467 519475 408594 175870 600993 515561 368203 806347 514191 906533 544637 132582 748589 756388 558626 735384
311618 390158 389432 640675 552767 162323 475335 563243 719362 364557 484010 431897 406302 370020 268355 146658 412069 408587 0 327420 527376 173540 339797 530609 491930 468848 400942 434187 334921 308669 468195 494336 447678 477819 194892 437408 442197 579454 138907 178982 455820 259586 106424 453276 363910 373785 378977 466820 363776 442689 595554 384205 579909 515836 427473 306630 439405 611552 453120 572098 357950 336257 243692 680968 444812 361549 415296 482200 340658 663306 582642 741884 704481 479744 189633 322746 407231 411523 638501 522114 498705 290107 431106 188621 186565 478536 61153 306199 517864 251479 141317 417583 207282 501755 309094 293145 341349 413204 373612 337483
393354 568886 343650 966742 816419 460876 795840 285273 1046354 56318 796893 543821 82077 311501 595769 335071 465510 500487 327420 0 835724 178286 67446 208748 778447 788856 629778 440779 455801 580444 699541 788811 407135 247625 267643 525428 745408 905356 247357 500071 128415 582704 225681 748958 443236 103348 313202 229979 575470 766668 919385 375167 902550 842327 421679 612317 129926 827526 716300 705360 633838 577202 512209 842535 134814 515217 491483 219351 63193 989339 884588 874339 858564 800009 149866 248792 722292 737360 845155 660931 281815 572735 501808 149890 171709 178323 266275 513571 838298 578378 453986 647493 531085 572407 636338 374968 465417 317154 59366 559491
559572 710382 700599 334010 623273 487610 98922 1090136 298748 858594 406049 519175 917731 706385 304074 622851 597709 812856 527376 835724 0 658567 861404 1044415 113814 97904 308966 658992 745724 528830 287902 81077 927386 1004632 703134 834444 92226 181096 660170 417392 959542 364041 613717 481224 560664 897974 715445 994029 356682 309760 348644 663265 133153 274415 671038 432348 922618 767563 204822 874262 225947 312832 333036 909336 927726 726945 830211 1009356 861562 233798 500261 997251 937727 351480 714267 706419 382486 182446 802727 834596 1024060 502392 844984 713015 667028 1001107 583065 639994 358378 303630 464397 301499 326608 594423 268219 752498 503191 754312 869055 348135
252787 512405 265859 809319 715071 330592 622626 452908 879378 201631 657547 402536 260273 238281 433952 249269 344275 487657 173540 178286 658567 0 216496 386773 600217 615412 457389 341302 423823 470359 527702 610564 459503 391277 228909 516264 567802 736431 172365 352418 301103 432164 69552 624309 308577 257188 245169 376002 405364 614013 766528 278383 730223 684168 327468 478998 271867 756388 539595 678999 455746 401973 333983 803447 277228 469695 486582 378041 215225 820333 755305 852222 824010 652532 111350 177014 580764 569205 779870 630128 420591 455508 500572 109394 13513 352012 118485 438428 690532 413942 313742 475187 362877 449621 472546 355654 314979 270891 211761 386976
450287 531262 409349 969769 791334 455408 814671 236438 1056984 115433 789843 601736 83707 377188 605443 317528 527163 451254 339797 67446 861404 216496 0 194132 811545 808039 673856 505283 413347 562597 744139 819521 344823 184102 239187 474690 772800 918589 235198 502415 141088 585002 247991 734914 502070 41269 379291 167020 621405 767884 919499 439392 919683 846710 486601 604584 174516 791071 754783 656566 668409 618206 546328 795959 178372 475304 440321 162678 4779 1002261 871430 822980 810597 797634 150474 313433 717281 750900 806571 613902 217307 558176 449478 151355 213450 139704 280322 483748 835756 590347 453663 691653 546977 634431 647021 331740 520199 384347 113670 603432
579309 700852 496070 1163835 973508 649306 1003032 146047 1249540 196045 982971 723768 126691 466301 797964 508931 634916 600742 530609 208748 1044415 386773 194132 0 986439 996166 831834 596744 578208 751803 900735 997307 453790 201071 426310 619416 954156 1110058 428873 696367 95281 779014 432660 925462 622897 170420 464351 188062 776040 962007 1113618 535892 1109161 1040615 575689 797814 166215 958778 922155 801073 841578 781967 720292 943523 164043 642570 585345 148683 192294 1193914 1062078 957056 954439 991614 343170 415732 910940 942099 970552 763758 229889 749134 590863 343859 379518 81644 470027 664094 1029703 782015 647772 849376 736745 737328 839254 498601 654308 452461 185307 762084
467873 735984 607720 442282 691204 488441 183857 1045455 412328 795087 482766 411774 860293 616747 319586 607481 495389 824049 491930 778447 113814 600217 811545 986439 0 178528 202558 557700 752845 559649 174481 33418 919265 967179 680210 848098 81854 291960 630038 419379 897676 386103 564714 545618 462084 850147 625365 955040 255160 383581 449906 568134 246455 367283 571244 468353 853997 827653 93440 910400 145130 219893 266238 961103 858898 743693 839286 966249 811119 347581 586153 1046105 989353 431378 670057 624193 444317 243454 862717 867260 989695 531232 854755 668591 606964 950293 541470 658260 445484 309767 459637 192749 312850 484281 294545 747229 405394 663134 805785 251931
554565 616969 694189 272929 526441 406870 8086 1030851 280003 817041 310923 540954 870107 695516 221859 548719 607844 723819 468848 788856 97904 615412 808039 996166 178528 0 337029 666194 658731 434952 335747 147595 846318 940680 632469 744384 108379 137555 594896 337904 915442 275948 563549 383662 565471 842616 705004 931238 373753 213270 273119 660706 115920 188755 675520 337844 885237 669876 251264 777948 232375 321320 311824 811444 890496 636311 741913 949445 808666 215090 409723 899431 839835 257325 658371 686442 284613 85879 705050 739028 957852 409337 756338 657306 625240 947215 527717 549378 268191 227107 387360 334523 261843 621585 182171 671227 508400 744729 827162 358133
276262 733770 412187 609097 767805 464621 344641 910187 604202 636134 588544 210237 709110 424728 354463 541414 293245 791441 400942 629778 308966 457389 673856 831834 202558 337029 0 355834 716716 580069 70421 230536 848614 845282 595150 818757 232318 470940 535558 408623 738901 415909 441081 625202 262548 714570 432707 830945 58192 494759 601430 370737 433973 509676 370114 507984 686112 883562 110897 918924 113204 65393 162527 996691 690625 725233 802201 835200 672490 538203 701438 1073726 1023805 546982 547981 441724 529337 363293 917100 871197 872287 551153 818209 546220 460763 807370 433514 648149 571848 332414 430034 17800 300485 286656 353274 689420 207504 468813 646927 70436
130187 823085 100747 924239 966376 583504 674265 715015 944679 416116 842424 160129 498451 131557 584570 565214 62935 821236 434187 440779 658992 341302 505283 596744 557700 666194 355834 0 752668 731018 403838 583894 799774 688357 566486 850275 573550 803740 505316 565874 503132 620329 383233 844373 100962 543900 132537 670753 302984 766438 901763 66046 774945 808661 21459 699637 431093 1042136 466718 1001560 436905 347548 367531 1114850 433829 789665 822515 658132 501743 878787 954575 1173272 1137993 816206 451119 192005 768983 663602 1070427 951694 722295 707681 837157 449211 333394 604720 415491 740194 849271 558508 552882 367872 504066 142395 606560 691611 157801 148971 425143 311354
639364 123584 688049 705281 409673 264544 662101 521985 827550 511917 490216 766619 495953 661667 441945 190100 739842 74829 334921 455801 745724 423823 413347 578208 752845 658731 716716 752668 0 246074 778135 743379 206981 414312 199082 102949 682276 717598 251511 333578 552594 382830 370334 406101 694013 416711 668821 416288 688536 516976 643883 694743 742230 602733 742176 335752 583733 380719 742785 256248 646480 651518 554200 388067 588189 64664 86760 452935 417560 790799 533724 429262 405814 522209 334358 600718 439419 576361 394038 208602 410332 262575 102547 335689 435289 498658 338089 121735 554668 445756 295082 731678 441701 834464 477909 81609 675662 694290 514956 660556
602348 182074 696345 459758 244947 148334 436888 729568 581748 630312 247720 692574 644373 678212 241285 245929 698606 299053 308669 580444 528830 470359 562597 751803 559649 434952 580069 731018 246074 0 628608 543109 451696 624016 325507 315683 481199 476405 333097 176017 700927 174155 401147 174765 647894 581392 687291 621284 570051 272024 399042 687227 505599 357312 727241 97361 707881 314390 573398 350814 485046 520248 429510 416622 713089 207821 319507 652192 565569 546778 310962 495001 443776 276359 431723 631150 193351 349384 345273 307897 628488 29183 332235 431997 483870 680256 352860 124916 309636 256049 178181 591327 279585 772610 265989 290120 611177 721859 636968 541306
337979 788780 469332 607880 802820 521506 342634 980425 586642 704844 612436 248298 778544 484427 394679 606482 340965 852613 468195 699541 287902 527702 744139 900735 174481 335747 70421 403838 778135 628608 0 206827 915524 915685 662887 879477 227370 461997 604008 461721 807422 459306 511250 658049 317141 784890 491910 901363 124735 515421 607580 426477 419348 518781 420087 550646 753231 925300 85008 972580 144614 132227 226259 1044307 757654 783478 864179 905573 742743 521616 723062 1123574 1071807 566886 618250 505946 559235 377652 959428 925640 942628 599459 880162 616496 530948 877313 502703 704201 588092 375085 487554 52644 350764 313983 386724 754129 265540 526502 715625 140735
490013 721367 630547 409047 665840 479812 152466 1052070 379824 807570 454986 440600 870834 638331 305392 604152 521966 813586 494336 788811 81077 610564 819521 997307 33418 147595 230536 583894 743379 543109 206827 0 914520 971415 679400 836991 62034 258544 631307 409967 909741 370859 571827 520739 487021 857525 647130 959744 280911 356011 417542 591804 213233 336085 596820 450043 868302 804356 124064 893292 160316 241552 277736 940028 873280 731511 829448 972272 819285 314824 556711 1025857 968344 402780 675912 643005 419642 217158 839489 851006 992994 515095 844749 674511 617911 958775 546074 645434 415526 298038 452460 221970 307005 514536 277131 741315 429901 685365 818204 275246
708212 314996 716503 911438 604190 440052 850514 358622 1031391 459883 697110 852453 412329 685866 624958 312778 803134 181141 447678 407135 927386 459503 344823 453790 919265 846318 848614 799774 206981 451696 915524 914520 0 258753 254831 187643 855600 916512 317401 510065 461051 572549 432777 612773 764656 327380 690677 268012 810234 720230 850403 735446 937376 806271 784770 537452 515323 544509 894474 357131 797600 783829 689856 499055 518430 260724 159608 308312 349600 992129 738503 504439 506755 728041 348729 620056 644604 767404 547988 327684 241332 465938 157520 350650 466579 372790 422281 328432 761081 623757 463468 865206 607515 907091 664168 175118 761286 705922 458493 784604
633375 537396 591135 1067263 822780 552622 946566 107728 1169407 280601 868343 785002 205353 559009 725364 402836 711260 421470 477819 247625 1004632 391277 184102 201071 967179 940680 845282 688357 414312 624016 915685 971415 258753 0 314498 436091 920012 1038212 345792 612605 235503 691220 406330 798069 685770 144492 560467 18079 795240 865734 1011438 622654 1046825 949491 669304 688239 306531 787558 918612 613680 827835 786547 707042 756198 307761 478454 403405 52438 187265 1120064 932703 763028 764915 886742 299002 496352 802766 874189 795385 580384 35385 628069 406306 300634 390715 125341 425712 518172 923520 715042 561478 863042 680086 818511 767533 342431 701997 562049 274058 775278
462997 303217 494760 754126 552310 238138 637897 414307 854929 322191 561109 602309 322370 467016 413574 88461 561279 259171 194892 267643 703134 228909 239187 426310 680210 632469 595150 566486 199082 325507 662887 679400 254831 314498 0 287583 623610 724682 63840 299158 379628 376808 185374 499482 519231 255919 473666 308011 555617 552066 699572 505517 735383 635299 554091 377629 397562 560426 646896 455266 550907 530794 438537 585876 402418 252504 257674 333976 242532 806071 636057 628101 604433 575324 135449 404417 492207 562328 579054 407633 327569 323784 271729 136727 239434 355467 168089 246279 612697 405419 248054 611976 376586 661890 455537 126813 510626 497275 326781 530258
739503 144660 781949 763619 423922 361940 747140 540605 892622 581638 545181 868752 553691 754508 532763 291714 839700 29134 437408 525428 834444 516264 474690 619416 848098 744384 818757 850275 102949 315683 879477 836991 187643 436091 287583 0 775375 792016 345635 429183 608208 470431 467060 454017 794579 470090 761224 442198 791268 586252 700655 790981 820867 670331 838995 411587 648868 356886 841950 182746 746142 753661 656312 324456 652891 108395 34503 481640 479247 861082 569897 348921 336991 583963 419283 691978 504889 660181 361169 144674 423819 337716 30251 420821 526981 537903 437728 195063 613085 538994 393983 833538 539339 935631 566323 160810 777591 784633 583203 763218
470004 659333 611011 380850 609552 419255 115295 1003257 373275 767261 402667 440062 827471 615843 243428 546521 513263 752143 442197 745408 92226 567802 772800 954156 81854 108379 232318 573550 682276 481199 227370 62034 855600 920012 623610 775375 0 238723 577512 349181 868528 308825 524828 463879 474043 809960 625001 908865 274114 303470 380895 574599 202753 293998 584621 388504 830739 745829 142952 831526 137051 226014 240812 879847 835831 669693 768189 922870 772809 307157 507990 965221 908126 352307 626943 614577 362563 162762 780901 789089 940581 453129 783433 625626 575995 912429 496129 583530 368591 236617 392677 228261 248635 518705 215270 681839 416491 664098 777763 262277
691287 654059 830364 153920 500342 488610 129493 1133385 144954 937407 282255 677216 985350 830746 314191 637406 745366 775225 579454 905356 181096 736431 918589 1110058 291960 137555 470940 803740 717598 476405 461997 258544 916512 1038212 724682 792016 238723 0 695184 425661 1033258 349390 679891 373675 702994 950874 840310 1030321 510235 208432 179153 797548 54102 134343 812976 382131 1008050 652237 377084 794277 369318 458565 446924 803434 1013380 684212 795293 1051846 919661 83997 351785 893983 831387 228238 768116 818998 291909 168022 686513 761510 1052243 455960 808389 767250 747097 1056127 640108 599758 218280 328244 476804 466917 374425 756941 272139 743828 645950 880132 947212 495372
399682 343593 436877 736846 570914 220492 600808 438221 829812 297730 554717 538470 314009 410197 381186 88636 498386 316758 138907 247357 660170 172365 235198 428873 630038 594896 535558 505316 251511 333097 604008 631307 317401 345792 63840 345635 577512 695184 0 271727 369598 353279 122612 502344 455823 261020 417314 336491 494438 534498 685310 445395 701735 614986 493567 369449 375157 594546 591843 506703 496851 471781 381505 632630 380320 298266 317246 356671 237522 777915 638429 679931 652624 562829 99364 349353 482117 529609 615795 457959 363951 325763 331842 99859 184042 365502 104880 275595 600878 369700 221459 552606 334545 598408 423362 186297 446786 443111 304086 469613
435850 327263 542462 467613 400635 70349 342653 708896 558252 540929 305460 517513 575712 528410 116161 212646 528935 404751 178982 500071 417392 352418 502415 696367 419379 337904 408623 565874 333578 176017 461721 409967 510065 612605 299158 429183 349181 425661 271727 0 627995 82772 285161 283252 477968 531486 537948 604942 395093 266629 419317 527715 436842 344300 564208 135485 616814 489359 415399 510968 321694 346933 254188 590416 622215 326671 419923 627496 504098 507515 407081 665523 617045 301272 353842 489930 228482 263805 520867 463922 626711 148632 435376 353324 365332 636517 237846 243877 339497 113875 51144 421017 111982 598441 157334 335110 438123 575139 549546 366252
484158 671697 402386 1094983 931937 586868 922525 220016 1174556 103036 922820 628517 57389 372183 724157 455064 540095 586275 455820 128415 959542 301103 141088 95281 897676 915442 738901 503132 552594 700927 807422 909741 461051 235503 379628 608208 868528 1033258 369598 627995 0 710701 353367 871807 527624 138122 370602 218445 682688 894623 1047231 441536 1029610 970651 482229 737801 77164 931514 831088 790891 752578 690377 632100 931668 76661 615242 573705 187658 137410 1117253 1008003 954147 945156 927296 275512 320567 848814 865312 946426 749809 269873 695086 581584 275787 292539 116370 394670 624767 965569 706630 581355 756358 658862 643083 764662 471076 559253 360719 92244 669465
490452 350510 606681 384875 358135 139349 279475 789068 478237 623028 230032 553659 658483 595260 67143 288829 577883 448883 259586 582704 364041 432164 585002 779014 386103 275948 415909 620329 382830 174155 459306 370859 572549 691220 376808 470431 308825 349390 353279 82772 710701 0 366010 225128 527174 613664 604956 684193 413922 183970 336782 587962 365527 261869 620884 92080 698591 467658 400343 524851 314786 360287 278453 585716 703996 363173 466497 707851 586728 429697 337365 666935 613444 220370 436606 561391 153184 194921 501283 481209 703939 145387 481133 436092 444831 718557 319431 276346 258384 84225 131835 425549 122638 637076 95907 397972 481827 643198 631756 386054
277763 450932 319051 746282 645982 261094 570456 480743 821428 259267 589569 419685 306583 294358 372314 187433 375929 438038 106424 225681 613717 69552 247991 432660 564714 563549 441081 383233 370334 401147 511250 571827 432777 406330 185374 467060 524828 679891 122612 285161 353367 366010 0 554906 334093 285700 302216 392949 393910 548986 701808 324422 676941 621277 372067 409970 333343 690487 512436 622645 422934 380843 301355 743198 338748 411474 439391 401847 247982 763887 686287 795534 764628 586138 107410 237812 513007 511958 714791 573197 431971 386012 454149 105736 83034 387600 48969 374078 624272 353813 244948 458724 305502 476819 412136 308693 328546 331653 268620 371912
714260 309368 825505 312465 145968 293967 382305 903986 447849 796790 95591 777340 815774 811659 274203 417389 802900 444511 453276 748958 481224 624309 734914 925462 545618 383662 625202 844373 406101 174765 658049 520739 612773 798069 499482 454017 463879 373675 502344 283252 871807 225128 554906 0 752132 755065 821189 795681 631290 173359 248892 809507 416161 239912 844176 148052 874343 286439 586897 423760 515876 575544 500800 432193 879637 354804 466657 826883 737710 427380 136617 522039 460433 145780 599216 772058 101322 303894 321573 395291 801543 176781 476629 599296 637702 854681 505947 286397 165533 298997 312057 632209 346535 861183 272222 460587 706912 858263 804052 604470
56462 753582 152672 823419 878186 502566 573547 727072 844283 430931 745925 101172 511967 171039 487970 504037 50982 765454 363910 443236 560664 308577 502070 622897 462084 565471 262548 100962 694013 647894 317141 487021 764656 685770 519231 794579 474043 702994 455823 477968 527624 527174 334093 752132 0 542764 177461 668972 207043 667811 801554 109351 674806 708342 110579 609526 462619 961440 372983 935989 337106 248164 267537 1042728 466284 725068 769122 662290 499245 778466 858765 1105603 1066895 718045 419484 207783 673525 562899 990945 886001 717926 623181 784373 417518 304261 617628 357078 668564 750544 461859 470214 276180 408463 142739 508209 639999 57556 209964 441085 212530
491253 537397 446997 997780 804846 481299 849120 196204 1088083 142419 813477 642614 85265 414847 637034 338881 567143 448289 373785 103348 897974 257188 41269 170420 850147 842616 714570 543900 416711 581392 784890 857525 327380 144492 255919 470090 809960 950874 261020 531486 138122 613664 285700 755065 542764 0 416529 127035 662346 795486 946281 478170 953399 875528 524919 628521 188181 796874 794575 652785 707477 658522 585455 793679 191143 480110 435587 121429 43612 1034321 891679 816253 807049 823516 184299 351897 742128 783578 810740 611904 178485 578813 443490 185419 254464 105285 315438 495748 861470 622854 481889 732369 581022 674309 678872 335559 561382 419636 138020 644163
157560 753118 31799 945402 930283 539605 713029 583138 984634 284793 834271 271242 366917 9801 582564 489636 174696 732701 378977 313202 715445 245169 379291 464351 625365 705004 432707 132537 668821 687291 491910 647130 690677 560467 473666 761224 625001 840310 417314 537948 370602 604956 302216 821189 177461 416529 0 542659 375000 769820 914687 73484 818990 823934 111762 673253 298999 988565 540664 923432 489598 405751 393417 1045410 301885 713077 731159 528133 375468 920087 942088 1096585 1066738 816215 346715 70705 757943 686261 1014211 874296 594911 667476 744902 344945 234243 472934 344003 675157 851924 557577 513704 447793 501227 273291 611965 600479 226398 39904 293524 373714
616805 539705 573375 1061787 823595 546040 937214 108306 1162426 262535 864550 768387 187377 541259 716986 396471 694068 426586 466820 229979 994029 376002 167020 188062 955040 931238 830945 670753 416288 621284 901363 959744 268012 18079 308011 442198 908865 1030321 336491 604942 218445 684193 392949 795681 668972 127035 542659 0 780515 859943 1006479 605095 1038108 943310 651642 683503 288884 791689 905381 621083 815112 772617 694039 763705 290186 480708 409092 40302 170066 1112451 930769 772430 772997 881893 285840 478755 798130 865703 800270 586761 53437 624512 412648 287424 375109 110263 413735 517597 918871 706134 553873 848720 670201 801278 759175 342641 685790 544062 255979 760842
218231 714655 355060 642363 770798 445069 381647 857375 647354 580123 603048 167235 654107 366921 357268 507844 241184 763355 363776 575470 356682 405364 621405 776040 255160 373753 58192 302984 688536 570051 124735 280911 810234 795240 555617 791268 274114 510235 494438 395093 682688 413922 393910 631290 207043 662346 375000 780515 0 513045 629700 314186 476848 536714 316129 505383 628858 879196 166363 900790 141603 57192 141000 985509 633325 701747 772816 783388 619862 581236 716949 1059755 1012100 565259 499792 383587 539160 388827 911977 852230 823061 541689 788813 497980 407968 753480 390666 628131 592810 333179 410022 74622 293248 249076 362908 655799 150879 411447 590903 28894
640147 446535 767564 202462 313521 315163 211094 966319 311186 806774 99215 672729 842193 760023 187459 463656 716551 570791 442689 766668 309760 614013 767884 962007 383581 213270 494759 766438 516976 272024 515421 356011 720230 865734 552066 586252 303470 208432 534498 266629 894623 183970 548986 173359 667811 795486 769820 859943 513045 0 152906 743406 245767 86071 770378 183100 882061 459405 437366 587073 381631 455854 401320 605241 887467 479265 591451 885675 769737 274907 207663 694738 633531 52290 620207 732777 83493 140828 494461 553365 875790 254574 603963 619735 626401 899943 502996 396764 82866 212244 314253 498356 268593 757223 159959 551520 615932 809117 815576 489398
778764 556436 910479 63616 346922 465039 266924 1113633 202885 959679 155477 794968 994522 904891 336179 611579 848556 689231 595554 919385 348644 766528 919499 1113618 449906 273119 601430 901763 643883 399042 607580 417542 850403 1011438 699572 700655 380895 179153 685310 419317 1047231 336782 701808 248892 801554 946281 914687 1006479 629700 152906 0 883775 233040 93465 907445 323280 1034945 499602 523752 667903 490207 573549 534234 654693 1040351 598120 710986 1033544 921454 197910 182421 745591 681728 124789 772494 880884 209183 241201 532207 642559 1019712 387906 721896 772059 778824 1050313 655900 522155 89417 359507 466272 601422 415393 878366 303116 687731 747287 954312 968472 609288
106351 769829 44456 910408 926354 538949 668787 651154 940649 352027 814259 198534 434413 69894 558096 509253 101215 762045 384205 375167 663265 278383 439392 535892 568134 660706 370737 66046 694743 687227 426477 591804 735446 622654 505517 790981 574599 797548 445395 527715 441536 587962 324422 809507 109351 478170 73484 605095 314186 743406 883775 0 772686 791558 49324 662864 371276 995292 480544 945878 437756 350724 352763 1062273 374335 734112 762517 593030 435886 875327 924745 1118271 1084810 791750 387124 126418 739252 649642 1022621 896180 656497 665206 776929 385236 269807 540826 359826 688436 826171 532362 510002 384858 476596 201560 583744 631431 163337 101310 361297 316580
666944 685819 807255 206757 547369 502949 108276 1139397 170524 931829 327656 642696 983465 809573 321836 649480 715269 802725 579909 902550 133153 730223 919683 1109161 246455 115920 433973 774945 742230 505599 419348 213233 937376 1046825 735383 820867 202753 54102 701735 436842 1029610 365527 676941 416161 674806 953399 818990 1038108 476848 245767 233040 772686 0 180726 785290 409296 1000583 698231 335084 832650 338140 427683 426549 847821 1005857 712573 822166 1057854 920479 104408 403239 938004 875937 272523 769504 801874 328561 173083 732803 798072 1062486 483248 835769 768516 740257 1058358 639634 626856 266782 332054 487662 428470 372728 720628 279850 763257 617366 858595 941878 464256
686258 529287 818974 125155 366801 397464 183619 1049179 225125 880319 147930 701677 919283 814150 250560 546840 755197 655543 515836 842327 274415 684168 846710 1040615 367283 188755 509676 808661 602733 357312 518781 336085 806271 949491 635299 670331 293998 134343 614986 344300 970651 261869 621277 239912 708342 875528 823934 943310 536714 86071 93465 791558 180726 0 814570 269156 954528 518207 435932 662241 397829 480401 441183 669099 959929 563912 676402 968258 848372 191370 226923 759641 697063 94159 697789 792019 165469 147946 552611 631009 960224 340505 688684 697209 696106 980383 576802 482194 86647 272342 393653 510287 327281 785190 214514 637511 653927 863666 889437 516025
130822 815083 79976 931248 964243 579301 683601 694692 954624 395979 844655 178857 478255 111281 587164 555730 79755 810014 427473 421679 671038 327468 486601 575689 571244 675520 370114 21459 742176 727241 420087 596820 784770 669304 554091 838995 584621 812976 493567 564208 482229 620884 372067 844176 110579 524919 111762 651642 316129 770378 907445 49324 785290 814570 0 698627 409936 1037177 480981 992353 447682 358714 373496 1107249 412634 780481 810794 638484 482994 888859 956275 1164450 1130096 819701 436423 173170 770613 670377 1065049 942568 703383 704431 825292 434533 319032 584432 406047 732891 853244 561181 549337 382701 506199 163852 610420 679754 168131 127523 404899 322939
569458 279399 677948 380424 269666 151664 339657 790937 494212 657721 185268 641707 682990 663742 156234 290520 660478 393626 306630 612317 432348 478998 604584 797814 468353 337844 507984 699637 335752 97361 550646 450043 537452 688239 377629 411587 388504 382131 369449 135485 737801 92080 409970 148052 609526 628521 673253 683503 505383 183100 323280 662864 409296 269156 698627 0 734907 375599 489459 443595 406036 452151 368485 496111 740258 303277 413386 711257 606960 455224 276321 578972 524057 198522 462679 624078 114663 252159 409296 402578 696488 74008 426732 462547 492283 731219 361193 217840 235371 175935 165387 517543 212677 724424 173872 368494 566789 710241 665530 477327
422706 698275 330596 1079578 945521 583270 892604 297176 1151203 77611 918215 562659 104886 301436 704977 463494 471266 625006 439405 129926 922618 271867 174516 166215 853997 885237 686112 431093 583733 707881 753231 868302 515323 306531 397562 648868 830739 1008050 375157 616814 77164 698591 333343 874343 462619 188181 298999 288884 628858 882061 1034945 371276 1000583 954528 409936 734907 0 957217 782762 830326 709114 641451 591106 968938 5407 644036 614564 261310 169872 1091889 1009198 997385 984142 918059 276162 254905 842592 841015 974505 786976 341583 698939 623910 275886 260961 192356 379160 643469 956301 685506 573229 703245 634745 572274 744074 502436 498315 286247 71208 617914
