NAME : TSP_INST
TYPE : TSP
DIMENSION : 100
EDGE_WEIGHT_TYPE : EXPLICIT
EDGE_WEIGHT_FORMAT : FULL_MATRIX
EDGE_WEIGHT_SECTION
0 967517 368974 631289 547345 908775 689054 956103 295625 794183 70893 561630 710814 527003 645846 553593 835649 683944 608166 893878 554640 183213 240845 505526 845848 672280 297064 213213 772758 539322 197820 349832 908447 193909 706934 453810 805351 387430 650123 869573 629233 498982 431525 375135 720108 498329 385381 733073 857756 647014 409644 279030 367748 658534 422385 843861 682678 946172 732437 895003 593602 726710 596158 693086 471963 711141 517356 529934 93644 550325 518729 962402 807708 812923 205187 818425 613081 912138 1058607 879102 859145 462799 259224 849706 1003807 828309 520334 595616 963134 664052 876268 1072123 751203 598230 699911 612880 549737 670268 782608 245687
967517 0 797310 661063 730604 776512 278743 149341 673255 877498 1020187 888184 307767 747736 505486 537090 464270 859946 585941 145946 445329 1098434 792735 991103 181496 304939 718227 923664 534236 757386 1040476 741851 284277 843117 528370 959386 240289 718748 713415 262564 338888 520317 864281 646857 247410 504250 1029403 445105 109910 323039 761321 776728 696205 542608 787994 174144 646010 974962 271417 350106 441598 838149 547240 277446 709292 285755 483570 455129 1041880 418924 606134 386839 169454 974123 890013 199552 511084 630828 126286 665465 196121 508749 710948 441841 266599 167336 778231 929565 336130 666803 661463 165161 228151 521357 379968 751554 769108 469168 978248 728480
368974 797310 0 758565 715144 1044458 553388 842761 323094 988755 368729 800288 492829 158975 691089 270482 858888 891313 697025 778539 522802 551852 147283 794510 739950 499033 432123 519605 831258 170550 557844 71204 851573 439620 381843 739486 578542 79590 284128 804655 488613 515325 678192 464334 574020 301426 709764 434467 698595 531522 47853 473338 114199 335780 53542 733302 798919 1144727 527001 865911 356917 918348 287335 532950 630730 511588 320655 357274 460633 417472 207452 940070 628329 1038484 490619 608083 658188 992192 913415 978069 763189 341593 325240 862310 928879 707555 151564 845272 921081 791526 974151 940259 632482 647813 441623 784615 180773 376591 1015564 243210
631289 661063 758565 0 102786 288813 474450 556673 438503 256248 702178 238598 618155 841651 157988 680525 270756 202997 85255 521901 312146 654940 639601 361682 480010 532906 352612 457060 181008 858094 571426 689372 435736 437720 816664 349519 672957 700903 907901 424690 474197 267995 273271 297150 499440 559853 453034 774136 577836 435184 760318 352635 656337 786904 792856 486933 52439 401395 604198 384928 618329 195711 734085 515983 159883 586956 557590 523680 651285 464856 714580 424193 589209 338118 442933 649362 163946 284933 680032 248033 470125 472356 447074 294880 529161 496806 859351 273601 451636 33893 245342 667948 462324 160836 683937 91436 874309 735662 332276 527013
547345 730604 715144 102786 0 361446 515674 638307 392199 273627 617991 157956 647035 814307 228189 674318 370626 182662 147523 597515 335223 556982 585587 268011 552516 564012 289175 361663 282584 830840 472559 648811 525701 353837 821650 249918 712508 665322 892547 509410 502563 272643 170525 252917 544198 554008 350715 788626 639267 471558 722986 273805 620924 787251 754293 558101 153010 429660 638788 479441 625337 203333 729735 553232 84821 619533 555582 526770 559186 476733 699149 523328 639845 332014 351189 694261 219542 382782 761704 341204 546529 464496 392606 393875 621766 563624 828927 201932 547851 128080 339064 753192 518218 209904 703225 70141 846828 743842 315713 475071
908775 776512 1044458 288813 361446 0 678924 637717 726602 187220 979380 400276 833884 1118304 376067 941153 312923 271650 348724 631477 561016 905415 928235 526129 606354 750313 640278 717546 261731 1134540 819708 974500 496525 715260 1060894 542563 865572 983717 1173770 514008 700433 538195 502808 585719 694626 823414 657613 1006194 725787 652152 1043597 633931 939416 1037704 1076545 616639 245554 204925 810659 429867 865931 217772 991501 724014 440049 798155 817476 779563 917068 713875 983302 418582 763561 270203 710643 832155 402760 153855 747129 111094 584522 740643 735883 334682 556596 638582 1137981 400178 467228 255022 115054 719433 637401 408836 911999 297275 1150782 977828 295541 815598
689054 278743 553388 474450 515674 678924 0 290082 394513 723735 742847 670864 155452 542974 322078 327347 392791 676026 389609 225513 187997 821089 524935 755550 187055 76656 445001 651579 417594 556143 765757 490111 312611 567720 398544 716709 198588 473918 549929 264883 65693 263231 620979 378613 33037 252054 772940 332810 168845 48351 525102 506375 443490 387506 555727 180000 479547 851672 132614 345362 228789 669039 360819 45169 472929 119243 233408 196224 763204 144813 391558 416474 132498 811523 616908 178777 310515 564789 374515 577640 211808 234746 432216 383282 378532 154457 571165 716935 385690 492080 573191 394610 79901 314443 238362 555452 570646 317007 806726 452238
956103 149341 842761 556673 638307 637717 290082 0 661677 752626 1015307 792373 383829 819688 410345 602792 329887 747438 490786 64752 404998 1067131 811905 905277 110385 346990 681926 880016 408991 831418 1001026 780142 141193 808863 629256 879827 345526 763190 805347 133400 355640 472297 787478 604486 268974 541375 961571 548668 166647 319700 812854 733202 733522 634175 842626 113554 533249 839397 345698 207879 502555 719891 625120 311243 632205 351707 522145 486099 1021179 432610 670507 237950 242533 850673 849155 301321 424364 488530 123519 526802 99479 520554 697065 305538 121243 135672 849175 830012 186945 556643 523001 119777 213280 437198 468528 648088 844798 559097 858115 730938
295625 673255 323094 438503 392199 726602 394513 661677 0 665823 353665 487731 435148 429915 394444 339374 578452 569961 384093 598934 265867 432051 202707 505800 551302 384606 119244 290115 533252 446282 387620 256799 623074 195949 502703 452853 527763 275549 523357 581648 336724 224304 375588 141853 426115 242162 458370 501525 563358 351618 331736 177807 231965 458536 362490 548943 481645 821674 450957 617551 339592 595500 393759 401780 308039 428899 256332 255027 369067 260218 338858 688557 516876 718221 253482 534773 360243 689125 762991 668462 565744 179321 38262 587796 715586 532814 441332 534799 682775 471976 664812 776921 455584 347384 444565 461547 461797 442355 696863 90691
794183 877498 988755 256248 273627 187220 723735 752626 665823 0 862747 242955 871468 1085622 401667 934339 425167 111143 340220 732268 568267 761575 857849 355659 697670 786003 560707 588507 344215 1102152 676511 922376 615494 607051 1072756 382029 920896 938369 1158786 620562 728549 522297 365588 525997 746270 813422 495488 1030142 807931 687264 996335 536422 893878 1042408 1027782 706455 244236 156537 855342 552100 874430 70596 988521 766730 358092 839098 812175 779171 786877 721073 965040 560977 830163 98558 589450 893999 415733 314038 871007 259351 681399 724895 665555 450844 692284 722352 1101136 228912 603931 232967 261122 849583 701341 414970 939436 204651 1118235 991887 113823 748149
70893 1020187 368729 702178 617991 979380 742847 1015307 353665 862747 0 628168 753571 527492 714604 581171 904389 752199 678396 952393 616874 198143 260675 565542 904924 720930 365842 277600 842671 538238 238625 363235 972486 264767 727728 515314 848070 401135 652857 932686 681299 564186 498774 442937 773119 538584 438631 760954 910854 702450 413294 349850 388862 679350 420606 902434 753547 1013888 777496 961018 630783 795737 619353 743868 542852 756734 558420 574998 109814 601417 539323 1029194 857578 878940 273300 863925 681587 982844 1114999 949973 919339 512215 319086 917985 1066921 885635 516830 660611 1028604 734946 947131 1130102 807872 666842 735580 683220 546943 698312 848047 292210
561630 888184 800288 238598 157956 400276 670864 792373 487731 242955 628168 0 796895 917628 384041 801222 505684 133456 303052 753736 486957 518651 659424 131683 709415 715501 370413 351016 414058 933975 433707 739713 674220 383959 955492 142435 866189 762108 1007633 661650 653577 418924 130755 364535 700115 683715 257496 929434 797211 625699 816061 328127 719222 917872 845023 715265 275039 387199 791067 623192 763127 185542 857290 707012 205549 771161 688224 663708 546762 620207 817242 658991 796672 251502 356815 849640 377307 473716 915892 422634 702430 595145 476828 530711 767676 721364 928359 48750 689048 248135 421997 905410 675960 367856 847726 150359 949431 880863 222440 557436
710814 307767 492829 618155 647035 833884 155452 383829 435148 871468 753571 796895 0 441688 471390 229325 546860 816350 532920 326416 311914 865265 506967 867866 304689 85476 517560 719047 572834 452152 822552 441851 445969 627584 252528 823973 94582 415610 421774 400087 144816 378138 730144 467066 146262 215642 864494 179976 220747 184615 454976 583267 397843 251317 480814 294507 628237 1003553 38262 488588 135984 813842 242954 110308 592829 37528 195391 181820 795166 186778 298367 555885 144347 956268 682643 115745 455782 719866 429493 733078 333514 255841 472811 536051 493062 263676 471947 844535 518859 638612 728628 461639 215134 457397 88222 693897 464646 176541 949094 465129
527003 747736 158975 841651 814307 1118304 542974 819688 429915 1085622 527492 917628 441688 0 748645 217125 896530 995584 770494 758333 566761 710134 295294 926887 727069 474821 547826 664855 884644 16534 712637 188771 854776 578999 260768 872369 512126 158374 125847 806961 484588 580112 802617 562029 555503 307560 853686 331342 661365 534594 117958 598657 199017 223209 107118 718598 875829 1239058 479502 880800 317491 1016416 200852 511651 732543 469699 320397 361765 619191 430704 151496 954171 585727 1144791 633435 549159 718429 1046537 870959 1040318 753526 380118 443240 895339 919740 689687 30711 964548 927342 872840 1036136 903274 622210 710680 369507 881406 32666 285724 1124940 368000
645846 505486 691089 157988 228189 376067 322078 410345 394444 401667 714604 384041 471390 748645 0 565339 189808 360716 80999 369711 185188 710928 594078 494979 325607 386000 348830 512036 140440 764605 634000 619919 304166 463853 686840 471146 519446 623540 798457 283120 330870 176072 381116 272522 344954 448582 559628 636324 419993 286777 683551 377280 580469 662174 716959 331797 157473 532681 453915 267529 490543 348466 615437 365287 229246 438149 441847 403575 686949 337898 609445 325259 432169 490538 488056 493792 34213 301202 533642 291680 318507 368638 415739 204655 402697 339904 770135 424290 338166 171026 287491 526174 304640 48006 543439 246715 780778 604101 487736 484555
553593 537090 270482 680525 674318 941153 327347 602792 339374 934339 581171 801222 229325 217125 565339 0 695335 856422 601561 541234 380181 727583 320863 839000 510172 257793 453128 623297 694304 229503 704203 231381 639886 528943 163600 787739 309640 198702 233959 592113 271834 412555 703892 437258 338602 120933 797605 179884 446193 323292 228952 516004 194827 119390 252705 501594 706895 1081863 266099 669110 100368 868284 56099 294689 600340 254405 123833 162014 645473 230062 69066 741723 371579 1004973 587361 341970 538641 854216 658115 854198 536863 210063 368677 691558 702836 472586 246398 849866 712833 708710 849865 688908 405983 533663 171141 735615 243627 117153 990013 323540
835649 464270 858888 270756 370626 312923 392791 329887 578452 425167 904389 505684 546860 896530 189808 695335 0 434045 241221 318793 336207 895626 773882 631928 293975 468755 538637 695722 91838 911700 816453 787970 190637 652515 789958 619902 564556 786562 928030 201794 429969 354702 539501 461975 401552 589117 720526 725552 414576 377965 845625 565439 745549 774774 878956 304472 230758 510955 518584 127125 606411 399309 738796 437267 400943 509618 577616 536505 875412 467145 749348 153551 458118 523668 673860 527991 222920 175988 446145 202350 271623 521820 602319 26155 270211 327798 920893 534888 185478 257558 198194 424544 337316 237562 631153 355326 927492 707429 533768 667199
683944 859946 891313 202997 182662 271650 676026 747438 569961 111143 752199 133456 816350 995584 360716 856422 434045 0 286657 718107 505889 651276 756755 254634 678453 731674 460089 477454 344074 1012106 566019 826620 617613 498392 1001794 274919 874609 844850 1075177 614070 671633 450126 254496 433557 701757 735867 389588 965541 779853 635317 901677 430792 800698 968435 932387 686003 214619 262938 804379 559284 804488 53894 911659 716692 263066 786430 736789 706711 675734 653613 881809 582326 792186 149453 478970 851926 366153 365111 869536 310983 666295 646421 566385 460154 703905 697607 1009450 128610 619254 193162 311251 853214 665268 361583 877853 123077 1028019 922919 134269 648929
608166 585941 697025 85255 147523 348724 389609 490786 384093 340220 678396 303052 532920 770494 80999 601561 241221 286657 0 450710 228346 655647 586797 415051 406468 447656 315795 455563 165814 786810 575632 626662 380264 418922 734142 393219 588183 635097 831258 362213 389069 191137 305598 248051 415101 481538 485872 689959 498435 349969 695030 331393 590867 705579 728052 412507 105795 481516 519015 337907 535917 280922 654284 430874 160024 501712 477997 442779 640038 382102 638823 388626 506235 423367 435284 565295 79550 308305 614195 284432 399489 395705 398617 261306 477594 419808 789643 343628 407754 108208 280830 605852 380515 75586 599278 168424 803055 652644 417251 474543
893878 145946 778539 521901 597515 631477 225513 64752 598934 732268 952393 753736 326416 758333 369711 541234 318793 718107 450710 0 345458 1008218 747246 862312 49425 284298 623145 823393 388573 770369 943689 715623 146644 750043 575468 834250 297883 698992 748082 117755 291001 415036 740607 546688 205272 477115 911934 496481 118782 255091 749094 676157 669001 577675 779090 50017 503587 829168 288729 209346 440874 694424 565555 248103 584898 292774 458023 421652 960352 367859 608479 257116 189803 829243 791824 254222 379785 487659 171524 520553 51847 455889 634685 296899 167285 71057 787593 793351 210249 525363 516496 178515 148552 391595 412813 613097 783995 502747 834167 667016
554640 445329 522802 312146 335223 561016 187997 404998 265867 568267 616874 486957 311914 566761 185188 380181 336207 505889 228346 345458 0 662761 446025 567714 296228 228902 277773 480125 317968 582475 599199 452004 357218 404617 506234 528750 379482 450467 613295 316041 167340 76146 432995 202614 219629 263754 587807 462006 339465 140630 509723 332719 409346 479117 543106 296059 330960 709081 304157 354715 308334 506992 430688 220708 285907 284507 256661 218580 616532 154511 425019 427348 319357 648577 447572 365388 159103 479782 515537 475482 306362 187413 298117 339692 450183 286376 589466 534022 418046 336484 471208 523507 217179 155726 372430 382984 598554 424429 639445 346801
183213 1098434 551852 654940 556982 905415 821089 1067131 432051 761575 198143 518651 865265 710134 710928 727583 895626 651276 655647 1008218 662761 0 422551 425439 958962 816531 385213 200090 820088 722325 85740 532219 999426 258270 884632 384506 958776 569574 833329 965780 766791 595432 402727 463183 853571 659864 283271 905446 988871 775505 592852 337635 547525 836436 605153 958772 707244 902294 882676 975002 757530 701093 772946 832368 499742 860703 677412 683611 91890 691964 697528 1036083 947290 757944 223160 966809 681768 939247 1177936 898072 967915 610400 393844 913743 1097943 947627 702974 539905 1045326 684077 895999 1186110 873919 666514 864471 611487 732529 842920 724231 407785
240845 792735 147283 639601 585587 928235 524935 811905 202707 857849 260675 659424 506967 295294 594078 320863 773882 756755 586797 747246 446025 422551 0 648184 703439 487899 297173 372694 733892 309311 418109 110069 796631 292568 468117 593131 600244 147071 414161 751975 459710 419864 534820 342515 551588 292268 562743 500462 686428 492221 177930 331308 128460 419672 198672 698737 683806 1014364 534893 800244 377505 787254 358868 516184 500779 515606 312980 337720 334484 380245 279517 873261 624806 901940 343362 620978 560038 891129 898529 871140 722816 291357 193492 781110 882890 677020 294416 703309 861570 673280 867477 919535 598747 547813 479560 655686 321792 437918 877542 112662
505526 991103 794510 361682 268011 526129 755550 905277 505800 355659 565542 131683 867866 926887 494979 839000 631928 254634 415051 862312 567714 425439 648184 0 816083 790854 387444 294177 540964 942723 345206 741214 793555 356503 999360 55056 944648 768602 1027924 777246 729036 493903 138175 408207 786633 727774 144525 983507 894638 708336 817420 329490 728549 958089 843374 820914 402617 482780 867056 745818 815593 308512 894724 787540 283804 846007 735739 717353 470900 683983 844473 785479 885638 335206 312783 932948 482528 605346 1028452 554009 811943 643164 485549 656394 889087 823796 933438 127116 813187 375490 553448 1020892 771254 470969 908648 278348 957336 930173 300618 558982
845848 181496 739950 480010 552516 606354 187055 110385 551302 697670 904924 709415 304689 727069 325607 510172 293975 678453 406468 49425 296228 958962 703439 816083 0 252432 573843 773968 356158 739673 894277 675711 144487 700758 556773 787098 290421 660591 723755 103361 251337 365611 693090 497284 171576 438888 863530 480444 122054 211613 712147 626733 629131 555137 742771 11328 464552 800556 268427 198239 410043 656972 538164 215488 537382 268967 420428 382691 911595 325745 576190 257017 179632 793738 742409 248712 333785 467415 220837 496219 29216 412339 586754 274412 192673 41726 755823 749871 215735 485317 492022 227373 107478 345115 392642 570787 753732 480869 797204 620889
672280 304939 499033 532906 564012 750313 76656 346990 384606 786003 720930 715501 85476 474821 386000 257793 468755 731674 447656 284298 228902 816531 487899 790854 252432 0 453953 659057 489947 487291 767786 439859 385480 570375 321928 748607 154433 419572 475256 338084 62049 298047 653863 396645 80978 200421 795096 257586 200677 99295 466962 518446 393640 311246 496152 243802 542772 918338 76204 421063 157611 728558 287187 37009 512691 55660 180027 150205 752017 124663 324362 491417 137328 871023 623207 151639 370340 639725 415366 650851 279408 209482 422864 459712 445069 214940 503781 762776 458802 553167 646401 441239 150016 372100 162934 609457 501306 240367 864152 428807
297064 718227 432123 352612 289175 640278 445001 681926 119244 560707 365842 370413 517560 547826 348830 453128 538637 460089 315795 623145 277773 385213 297173 387444 573843 453953 0 206616 478022 564096 322380 369685 619070 126945 615166 335151 605572 391722 642597 583168 397637 210870 256344 79870 478001 346928 351097 606775 609679 397646 445859 66138 349051 572500 475280 573826 400929 717235 526661 600870 440458 490115 508454 463004 204630 504423 357748 346968 344760 331997 457117 666766 575556 606499 172010 605329 316019 623526 793276 595411 582748 269344 106968 552671 716514 563548 558000 416883 669980 386470 592183 800913 491414 301170 541066 359309 579421 550081 583461 189073
213213 923664 519605 457060 361663 717546 651579 880016 290115 588507 277600 351016 719047 664855 512036 623297 695722 477454 455563 823393 480125 200090 372694 294177 773968 659057 206616 0 620067 679675 122504 476094 804672 94631 786666 241352 809050 508511 777244 772999 603766 408364 222977 277511 684588 532217 190209 790853 815596 604113 549384 147431 474159 740655 571365 774796 509489 737662 730527 777525 629690 523236 675380 669293 300191 708254 546381 542616 199873 535739 610634 837292 782139 601397 36672 810665 483662 741937 994540 702507 780539 465189 256246 714097 903673 766457 666430 383058 848057 487150 700228 999669 696104 468453 734278 420633 692956 730818 570450 306322
772758 534236 831258 181008 282584 261731 417594 408991 533252 344215 842671 414058 572834 884644 140440 694304 91838 344074 165814 388573 317968 820088 733892 540964 356158 489947 478022 620067 0 900402 739020 760066 274575 584568 804602 530507 604224 762977 928251 276436 442399 316501 452703 405608 432896 580889 633283 746859 471233 392770 822899 497020 720188 784215 856333 365551 139032 446040 549029 215215 612813 312034 741941 462739 321084 536831 572260 532475 805851 464375 742404 244934 503752 441900 600731 571621 174089 162043 528907 161615 338204 504753 552743 117404 360005 384231 907001 443060 276908 165942 157186 510284 376482 186086 652357 263725 916495 721415 449239 623702
539322 757386 170550 858094 830840 1134540 556143 831418 446282 1102152 538238 933975 452152 16534 764605 229503 911700 1012106 786810 770369 582475 722325 309311 942723 739673 487291 564096 679675 900402 0 726073 203743 868233 594259 263676 888164 520792 174124 117332 820421 498323 596357 818746 578550 568100 322612 868712 336552 672272 548586 131488 614668 215179 228217 117703 731091 892175 1255572 490112 894897 329761 1032950 210147 524192 749063 480831 335077 376445 631174 445515 165135 968161 596380 1161308 648462 558439 734478 1062257 881045 1056284 766302 396016 459364 910313 932339 702013 27126 980859 940909 889254 1052095 913785 635190 726800 378346 897939 16245 293112 1141432 383770
197820 1040476 557844 571426 472559 819708 765757 1001026 387620 676511 238625 433707 822552 712637 634000 704203 816453 566019 575632 943689 599199 85740 418109 345206 894277 767786 322380 122504 739020 726073 0 527669 927143 198131 865190 301705 914559 563528 832210 895242 714891 528833 316991 397019 798621 625069 206911 878377 931676 718975 594716 267842 535786 817711 611312 894780 623593 818462 836961 899884 723356 615583 752980 780657 418019 814758 641154 642583 131966 643333 681735 959187 894719 675159 151889 919220 605953 855186 1114499 813383 901562 566752 350480 835293 1026116 885478 709132 456347 970443 600047 811372 1120548 813788 590761 829733 526114 737687 816701 641835 380664
349832 741851 71204 689372 648811 974500 490111 780142 256799 922376 363235 739713 441851 188771 619919 231381 787970 826620 626662 715623 452004 532219 110069 741214 675711 439859 369685 476094 760066 203743 527669 0 784043 390661 365690 686423 531166 37947 304621 737412 424757 444211 620427 396794 512357 239818 664973 406537 640424 465744 76556 415381 46622 317573 105801 669474 729032 1077976 474115 796804 306481 852143 260543 472490 564814 457242 259919 294097 443418 351203 178884 870911 572404 974566 444722 557595 587059 921045 855217 907195 698192 272407 262912 791627 863134 644566 192364 785549 852934 722150 903261 880495 568430 576754 399743 717895 217455 345414 952540 183218
908447 284277 851573 435736 525701 496525 312611 141193 623074 615494 972486 674220 445969 854776 304166 639886 190637 617613 380264 146644 357218 999426 796631 793555 144487 385480 619070 804672 274575 868233 927143 784043 0 743765 698497 773477 434738 773522 860584 47814 370558 409944 684943 539265 305442 555602 863793 623602 261305 322365 828373 661793 738155 694249 860272 155628 405984 698441 410779 66711 541297 586591 672574 348795 533227 409339 539069 498859 963763 434542 703282 112711 324005 713905 777015 392605 325977 347746 255549 385628 115403 512628 654742 165544 99271 186100 882504 708585 73343 430980 381841 235745 235485 340551 534189 526069 882904 620842 723026 702697
193909 843117 439620 437720 353837 715260 567720 808863 195949 607051 264767 383959 627584 578999 463853 528943 652515 498392 418922 750043 404617 258270 292568 356503 700758 570375 126945 94631 584568 594259 198131 390661 743765 0 692405 301493 718585 421252 688207 708873 516881 337401 253839 205351 600555 437850 275714 696250 734053 521097 465656 87548 384829 646597 489792 700672 489344 761321 640493 722732 535505 538240 581328 582635 278155 618242 452277 449667 223108 446204 517822 786616 696602 634394 58419 721955 432642 719787 920019 685691 709662 372625 161635 668476 841745 690025 582636 423457 792490 470319 682921 927856 617166 417446 640458 420244 608114 636187 606327 214938
706934 528370 381843 816664 821650 1060894 398544 629256 502703 1072756 727728 955492 252528 260768 686840 163600 789958 1001794 734142 575468 506234 884632 468117 999360 556773 321928 615166 786666 804602 263676 865190 365690 698497 692405 0 948817 288917 328334 188535 652527 362457 552149 863172 594109 396277 272447 961047 83395 462750 413299 334258 678727 339754 48448 345099 546398 837158 1215309 288356 740074 198335 1009147 112212 355689 751890 289325 267312 295085 799994 352040 188600 808179 386839 1148646 750817 331943 664295 958798 654647 966217 585736 360355 532278 781529 742744 515462 289833 1004241 771369 842347 961788 692047 466314 661880 164311 879377 270040 83189 1136020 484965
453810 959386 739486 349519 249918 542563 716709 879827 452853 382029 515314 142435 823973 872369 471146 787739 619902 274919 393219 834250 528750 384506 593131 55056 787098 748607 335151 241352 530507 888164 301705 686423 773477 301493 948817 0 902856 714042 974176 754264 687118 453742 95853 360543 748335 677924 115071 935000 860519 668997 762577 275827 674212 906993 788423 791326 394732 518104 824712 729029 767163 327719 843294 747038 250145 803377 686539 669538 423688 638845 791699 772980 847883 373541 258513 892875 455495 608901 1002370 559687 784675 594461 431690 643505 870499 792452 878694 155794 797699 367772 558695 996908 736700 442972 861908 273954 902722 880788 340130 504395
805351 240289 578542 672957 712508 865572 198588 345526 527763 920896 848070 866189 94582 512126 519446 309640 564556 874609 588183 297883 379482 958776 600244 944648 290421 154433 605572 809050 604224 520792 914559 531166 434738 718585 288917 902856 0 503034 473127 393032 215747 451059 807951 550628 174654 309825 949085 206137 179948 240958 538411 670712 488230 302452 562202 279192 676689 1045227 79086 486869 224993 867239 311379 159291 665031 101221 289732 275949 889428 273616 377373 547391 110799 1009639 772843 44207 509011 740411 366341 760146 319361 348568 565652 549873 463381 249195 542808 912906 504609 690043 755739 403184 228454 513027 142653 753868 531785 229644 1005225 559664
387430 718748 79590 700903 665322 983717 473918 763190 275549 938369 401135 762108 415610 158374 623540 198702 786562 844850 635097 698992 450467 569574 147071 768602 660591 419572 391722 508511 762977 174124 563528 37947 773522 421252 328334 714042 503034 0 269648 726435 409268 449092 645240 412444 494431 221899 696479 371208 619352 452724 60087 440798 44616 280352 93434 653869 738762 1093288 449103 789339 279649 868462 224499 453386 582105 433193 241069 277904 481049 339055 142657 863524 549565 993471 476356 531193 591337 924629 834213 912983 684003 266131 286034 788971 849889 628021 166297 808561 843476 733200 908967 860811 553114 581779 368838 733718 188811 310731 972391 209649
650123 713415 284128 907901 892547 1173770 549929 805347 523357 1158786 652857 1007633 421774 125847 798457 233959 928030 1075177 831258 748082 613295 833329 414161 1027924 723755 475256 642597 777244 928251 117332 832210 304621 860584 688207 188535 974176 473127 269648 0 813299 500468 640578 898938 644982 555196 350435 963917 271065 640470 552639 240677 698445 303397 171674 232922 714105 936984 1308963 459744 895146 323119 1091188 189905 511806 814070 455595 356672 395834 742884 464007 193754 966362 563673 1224561 744371 514775 771012 1088131 839419 1087991 751931 435751 542489 923350 914270 683676 142639 1055542 933927 937260 1083667 875555 625124 765370 337385 956924 113356 246590 1207191 473711
869573 262564 804655 424690 509410 514008 264883 133400 581648 620562 932686 661650 400087 806961 283120 592113 201794 614070 362213 117755 316041 965780 751975 777246 103361 338084 583168 772999 276436 820421 895242 737412 47814 708873 652527 754264 393032 726435 813299 0 322778 372745 663675 503674 258349 508078 840666 578487 224312 274798 781045 628506 691413 647455 812864 114689 400000 712707 365452 95003 493619 586646 625068 301502 509845 363213 491433 451314 927284 387387 655468 156036 282288 718335 744272 351804 301087 370003 255840 403005 75767 466486 614145 179329 134254 143894 834697 698276 120833 423630 398977 243884 188195 314970 488285 515978 835097 574318 725163 659702
629233 338888 488613 474197 502563 700433 65693 355640 336724 728549 681299 653577 144816 484588 330870 271834 429969 671633 389069 291001 167340 766791 459710 729036 251337 62049 397637 603766 442399 498323 714891 424757 370558 516881 362457 687118 215747 409268 500468 322778 0 236007 592214 337298 92448 187744 735398 306088 229745 52242 461362 461229 378141 344896 492413 244799 486384 863492 138156 397306 177406 669899 310573 65771 450644 117662 169808 131365 705745 80403 333198 470124 180501 812190 568315 208825 312980 596584 439053 603984 274957 170620 374836 423707 441343 219973 512055 700927 442851 495583 599549 460009 143872 313742 212630 549107 513233 279328 804551 389711
498982 520317 515325 267995 272643 538195 263231 472297 224304 522297 564186 418924 378138 580112 176072 412555 354702 450126 191137 415036 76146 595432 419864 493903 365611 298047 210870 408364 316501 596357 528833 444211 409944 337401 552149 453742 451059 449092 640578 372745 236007 0 358167 132293 295247 291859 511674 516161 415214 215317 509177 261139 405555 520364 542499 366480 296915 669381 374141 397066 354433 457383 466337 293660 214797 353585 289906 257376 554539 204134 447806 466438 395112 596499 376944 439273 142878 476902 586200 463895 372882 204832 250745 363523 506509 359152 599970 466796 464422 296725 459875 591735 292343 132721 430728 327382 612600 472814 584392 312505
431525 864281 678192 273271 170525 502808 620979 787478 375588 365588 498774 130755 730144 802617 381116 703892 539501 254496 305598 740607 432995 402727 534820 138175 693090 653863 256344 222977 452703 818746 316991 620427 684943 253839 863172 95853 807951 645240 898938 663675 592214 358167 0 270472 652546 591088 181074 845785 764899 573335 696983 205118 603602 822624 724733 697061 322559 515152 730031 643378 677886 301116 759818 651658 155718 708828 598519 579437 421502 545895 712474 691161 752059 382193 226428 797411 363335 547932 909543 502559 691480 505694 359382 562035 782875 697545 811315 169896 712939 296636 500951 905270 641043 350283 770488 212314 833816 792974 353099 437219
375135 646857 464334 297150 252917 585719 378613 604486 141853 525997 442937 364535 467066 562029 272522 437258 461975 433557 248051 546688 202614 463183 342515 408207 497284 396645 79870 277511 405608 578550 397019 396794 539265 205351 594109 360543 550628 412444 644982 503674 337298 132293 270472 0 411597 321667 398471 575336 539520 330456 470354 130119 368017 554859 501935 497767 341588 681276 471610 521210 407428 456022 493358 401175 170523 449676 328305 309193 424624 280475 453279 587564 510739 582785 245198 546109 239061 556062 717500 531786 505110 235295 151085 475093 636841 488962 576135 413029 590199 330783 528307 723821 418946 224552 501411 321362 594463 522696 563500 229886
720108 247410 574020 499440 544198 694626 33037 268974 426115 746270 773119 700115 146262 555503 344954 338602 401552 701757 415101 205272 219629 853571 551588 786633 171576 80978 478001 684588 432896 568100 798621 512357 305442 600555 396277 748335 174654 494431 555196 258349 92448 295247 652546 411597 0 272865 805547 326174 137758 81188 543904 539412 465796 389242 573821 163163 502086 871259 117178 343853 238538 693081 367837 43972 503567 108746 253370 218474 795030 172845 404728 412856 99927 835371 649888 150455 335643 575641 346943 591321 198430 263066 463952 390080 364248 134955 584311 745821 378782 515747 586883 369067 70343 340509 233097 582042 582185 316627 831535 481875
498329 504250 301426 559853 554008 823414 252054 541375 242162 813422 538584 683715 215642 307560 448582 120933 589117 735867 481538 477115 263754 659864 292268 727774 438888 200421 346928 532217 580889 322612 625069 239818 555602 437850 272447 677924 309825 221899 350435 508078 187744 291859 591088 321667 272865 0 696914 260277 401097 233288 273698 412052 193412 234265 305025 432040 587097 961239 242626 576463 98287 747361 175794 232672 481272 223461 20802 56789 585234 123674 161527 650370 335054 884252 495608 328788 420663 742107 615695 739218 462699 89518 276629 587783 629002 406130 332701 732446 626842 588323 734937 640677 331424 414937 204925 614819 338378 203248 869612 253665
385381 1029403 709764 453034 350715 657613 772940 961571 458370 495488 438631 257496 864494 853686 559628 797605 720526 389588 485872 911934 587807 283271 562743 144525 863530 795096 351097 190209 633283 868712 206911 664973 863793 275714 961047 115071 949085 696479 963917 840666 735398 511674 181074 398471 805547 696914 0 957156 926287 724602 738933 285209 660530 916541 761384 866636 500942 626932 870048 823778 791431 442618 851527 798517 330881 848075 708499 697838 337168 677729 791542 872224 905418 479704 220252 944029 539579 720638 1082391 672446 864108 620355 429712 743108 962203 864456 856033 267176 893559 474436 671290 1080329 802709 525812 892003 384004 882229 899448 445143 490516
733073 445105 434467 774136 788626 1006194 332810 548668 501525 1030142 760954 929434 179976 331342 636324 179884 725552 965541 689959 496481 462006 905446 500462 983507 480444 257586 606775 790853 746859 336552 878377 406537 623602 696250 83395 935000 206137 371208 271065 578487 306088 516161 845785 575336 326174 260277 957156 0 382021 354191 388389 672164 373367 108336 404333 469796 790330 1168351 213059 668130 167914 968865 147373 288324 724076 217499 249166 266687 824547 312077 228868 734508 306937 1110064 754379 249564 616563 897269 571390 908076 509593 340539 534615 715435 663670 438832 361514 978041 695945 797774 903628 609018 395029 615785 94654 842495 344781 62815 1099667 498864
857756 109910 698595 577836 639267 725787 168845 166647 563358 807931 910854 797211 220747 661365 419993 446193 414576 779853 498435 118782 339465 988871 686428 894638 122054 200677 609679 815596 471233 672272 931676 640424 261305 734053 462750 860519 179948 619352 640470 224312 229745 415214 764899 539520 137758 401097 926287 382021 0 213367 664879 669032 594274 468932 692979 110997 569055 917174 182520 319271 347404 762885 463643 170254 611241 191841 380692 349808 931973 310041 514965 373568 76825 902285 781625 135948 420736 588954 214883 616301 148545 400130 601040 395831 283435 87263 691383 840362 328217 587500 612048 242951 123917 429444 303124 666412 685034 393900 903321 619449
647014 323039 531522 435184 471558 652152 48351 319700 351618 687264 702450 625699 184615 534594 286777 323292 377965 635317 349969 255091 140630 775505 492221 708336 211613 99295 397646 604113 392770 548586 718975 465744 322365 521097 413299 668997 240958 452724 552639 274798 52242 215317 573335 330456 81188 233288 724602 354191 213367 0 506536 458547 419321 396810 538185 206560 443734 819044 169106 346367 229624 630608 362761 81749 426297 151910 216757 176518 719330 114631 383489 419584 180849 773144 569638 224830 271910 545500 412633 554167 232722 200901 388897 371491 397458 185354 561633 672177 393938 454614 549724 429612 106856 274402 259857 513797 563661 330325 767077 413729
409644 761321 47853 760318 722986 1043597 525102 812854 331736 996335 413294 816061 454976 117958 683551 228952 845625 901677 695030 749094 509723 592852 177930 817420 712147 466962 445859 549384 822899 131488 594716 76556 828373 465656 334258 762577 538411 60087 240677 781045 461362 509177 696983 470354 543904 273698 738933 388389 664879 506536 0 491932 104183 288479 33443 705015 798540 1151566 490133 845973 319765 926268 241737 501856 639357 475748 291734 330394 502240 393984 163427 920138 593108 1049930 518831 569478 651393 984601 879272 973069 736294 324372 339233 847652 902685 678374 117106 861997 898927 792730 969052 907397 604778 641861 399640 791714 143884 331481 1028251 259771
279030 776728 473338 352635 273805 633931 506375 733202 177807 536422 349850 328127 583267 598657 377280 516004 565439 430792 331393 676157 332719 337635 331308 329490 626733 518446 66138 147431 497020 614668 267842 415381 661793 87548 678727 275827 670712 440798 698445 628506 461229 261139 205118 130119 539412 412052 285209 672164 669032 458547 491932 0 399818 635368 519617 627457 403771 692350 591714 638302 506222 466423 570899 526243 194290 569507 423333 413085 309977 397315 516441 701052 637795 572856 116055 669519 346597 633229 847209 600196 633732 335428 156102 581753 760358 619031 606616 372201 708399 385676 597326 852758 548953 331354 607158 342285 629566 614976 547297 232164
367748 696205 114199 656337 620924 939416 443490 733522 231965 893878 388862 719222 397843 199017 580469 194827 745549 800698 590867 669001 409346 547525 128460 728549 629131 393640 349051 474159 720188 215179 535786 46622 738155 384829 339754 674212 488230 44616 303397 691413 378141 405555 603602 368017 465796 193412 660530 373367 594274 419321 104183 399818 0 291306 137215 622870 694365 1048732 429413 751783 263240 824012 230495 426060 537848 412135 213627 247491 461151 304844 151194 825933 526754 949435 441025 513513 548050 881651 809002 869364 651686 227408 244230 748578 816755 597944 209367 765914 807324 688669 865368 834061 521831 538276 359607 689230 230395 311188 928589 170760
658534 542608 335780 786904 787251 1037704 387506 634175 458536 1042408 679350 917872 251317 223209 662174 119390 774774 968435 705579 577675 479117 836436 419672 958089 555137 311246 572500 740655 784215 228217 817711 317573 694249 646597 48448 906993 302452 280352 171674 647455 344896 520364 822624 554859 389242 234265 916541 108336 468932 396810 288479 635368 291306 0 301112 545203 809695 1187092 288970 732232 171790 977727 65276 346817 715480 286199 231686 263253 751629 324696 140157 802035 392173 1116138 704973 343508 638073 940758 668380 945622 583671 323455 487166 767830 744374 514526 253265 966588 767510 813606 941218 704125 459572 634724 165809 846597 236559 75080 1102471 437846
422385 787994 53542 792856 754293 1076545 555727 842626 362490 1027782 420606 845023 480814 107118 716959 252705 878956 932387 728052 779090 543106 605153 198672 843374 742771 496152 475280 571365 856333 117703 611312 105801 860272 489792 345099 788423 562202 93434 232922 812864 492413 542499 724733 501935 573821 305025 761384 404333 692979 538185 33443 519617 137215 301112 0 735475 831392 1183211 516587 878538 346544 957619 259627 531423 670431 502899 322619 361802 513822 426130 185037 952686 620440 1080367 541765 594513 684771 1018025 906969 1006382 767206 357559 368398 880885 933738 708523 98030 890625 931043 825361 1002371 935764 635520 675197 421927 823222 127376 349679 1058309 287797
843861 174144 733302 486933 558101 616639 180000 113554 548943 706455 902434 715265 294507 718598 331797 501594 304472 686003 412507 50017 296059 958772 698737 820914 11328 243802 573826 774796 365551 731091 894780 669474 155628 700672 546398 791326 279192 653869 714105 114689 244799 366480 697061 497767 163163 432040 866636 469796 110997 206560 705015 627457 622870 545203 735475 0 472382 810349 258044 209557 401366 665123 528930 206949 541406 259003 413383 376040 910455 320194 567891 268213 168415 802305 742961 237417 338993 478209 219753 506630 40238 407456 584670 285147 201359 30970 747461 756073 226619 492841 502419 228469 101068 350016 382353 577509 745069 470824 805434 617426
682678 646010 798919 52439 153010 245554 479547 533249 481645 244236 753547 275039 628237 875829 157473 706895 230758 214619 105795 503587 330960 707244 683806 402617 464552 542772 400929 509489 139032 892175 623593 729032 405984 489344 837158 394732 676689 738762 936984 400000 486384 296915 322559 341588 502086 587097 500942 790330 569055 443734 798540 403771 694365 809695 831392 472382 0 378323 611338 350893 639278 193868 759288 522709 211955 595379 583205 547431 703620 485409 744615 383956 587199 334568 495302 650212 173771 232494 655753 196428 451802 501490 492453 256001 495999 485269 894647 304679 415024 27137 193596 640788 458675 175280 698384 124752 908418 755140 334271 571150
